timestep,sample_id,true_class,pred_class,correct,conf_pred,conf_gt
0,0,2,1,0,0.96435546875,0.0002155303955078125
1,1,6,1,0,1.0,5.960464477539062e-07
2,2,6,1,0,0.49658203125,0.00012576580047607422
3,3,1,1,1,0.8408203125,0.8408203125
4,4,8,0,0,1.0,0.0
5,5,7,7,1,0.951171875,0.951171875
6,6,7,7,1,0.99951171875,0.99951171875
7,7,4,7,0,0.67578125,0.24853515625
8,8,2,5,0,0.79248046875,1.430511474609375e-06
9,9,8,5,0,0.9990234375,0.0
10,10,1,5,0,0.9794921875,0.00991058349609375
11,11,1,3,0,0.76904296875,0.0019063949584960938
12,12,0,3,0,0.97412109375,3.039836883544922e-05
13,13,8,5,0,0.89111328125,0.0
14,14,3,7,0,0.99853515625,1.4722347259521484e-05
15,15,0,3,0,0.99951171875,2.2649765014648438e-06
16,16,4,4,1,0.99951171875,0.99951171875
17,17,5,5,1,1.0,1.0
18,18,9,3,0,1.0,0.0
19,19,1,3,0,1.0,0.0
20,20,2,3,0,0.7568359375,0.00494384765625
21,21,0,3,0,1.0,0.0
22,22,6,5,0,0.94873046875,0.0
23,23,0,0,1,0.98876953125,0.98876953125
24,24,4,4,1,1.0,1.0
25,25,0,0,1,1.0,1.0
26,26,8,3,0,0.99951171875,0.0
27,27,1,3,0,0.99951171875,0.0
28,28,4,4,1,1.0,1.0
29,29,2,3,0,0.99072265625,1.5079975128173828e-05
30,30,3,4,0,0.79736328125,0.0009937286376953125
31,31,1,3,0,0.99951171875,0.0
32,32,1,3,0,0.998046875,1.8298625946044922e-05
33,33,9,3,0,0.99951171875,0.0
34,34,2,3,0,0.62060546875,5.602836608886719e-05
35,35,0,3,0,0.68701171875,0.252685546875
36,36,3,4,0,1.0,4.76837158203125e-07
37,37,0,0,1,1.0,1.0
38,38,9,3,0,1.0,0.0
39,39,6,0,0,0.97412109375,0.0
40,40,7,7,1,0.515625,0.515625
41,41,6,0,0,0.984375,0.0
42,42,0,0,1,0.99951171875,0.99951171875
43,43,9,3,0,0.65576171875,0.0
44,44,6,0,0,1.0,0.0
45,45,2,3,0,0.79638671875,0.001537322998046875
46,46,4,4,1,1.0,1.0
47,47,3,4,0,0.8984375,0.0947265625
48,48,9,3,0,0.98828125,0.0
49,49,1,2,0,0.99609375,8.106231689453125e-06
50,50,4,4,1,1.0,1.0
51,51,8,0,0,0.5400390625,0.0
52,52,9,2,0,0.85693359375,0.0
53,53,5,0,0,0.80224609375,0.1905517578125
54,54,4,4,1,0.99951171875,0.99951171875
55,55,6,3,0,0.927734375,0.0
56,56,1,2,0,0.884765625,0.0008068084716796875
57,57,7,7,1,0.998046875,0.998046875
58,58,5,5,1,0.97607421875,0.97607421875
59,59,7,7,1,0.98388671875,0.98388671875
60,60,4,7,0,0.82568359375,0.10174560546875
61,61,9,2,0,0.95849609375,0.0
62,62,3,7,0,0.609375,0.0775146484375
63,63,1,2,0,0.57568359375,0.421142578125
64,64,0,0,1,0.422119140625,0.422119140625
65,65,9,2,0,0.95166015625,0.0
66,66,0,0,1,0.79345703125,0.79345703125
67,67,7,7,1,0.95849609375,0.95849609375
68,68,7,7,1,0.98193359375,0.98193359375
69,69,7,7,1,0.99267578125,0.99267578125
70,70,4,4,1,0.5302734375,0.5302734375
71,71,1,2,0,0.517578125,0.456787109375
72,72,6,5,0,0.9560546875,0.0
73,73,8,7,0,0.51171875,0.0
74,74,8,5,0,0.53759765625,1.7881393432617188e-07
75,75,4,7,0,0.9462890625,0.053375244140625
76,76,0,0,1,0.99755859375,0.99755859375
77,77,4,4,1,0.77294921875,0.77294921875
78,78,7,7,1,0.904296875,0.904296875
79,79,4,4,1,0.99853515625,0.99853515625
80,80,8,5,0,0.61328125,0.0
81,81,3,3,1,0.99560546875,0.99560546875
82,82,3,3,1,0.98486328125,0.98486328125
83,83,2,1,0,0.7099609375,0.045379638671875
84,84,4,4,1,0.99853515625,0.99853515625
85,85,5,2,0,0.9326171875,0.0004553794860839844
86,86,5,5,1,0.9658203125,0.9658203125
87,87,9,2,0,0.9609375,0.0
88,88,9,2,0,0.92236328125,0.0
89,89,3,3,1,0.97998046875,0.97998046875
90,90,5,5,1,0.94873046875,0.94873046875
91,91,9,2,0,0.96728515625,0.0
92,92,4,4,1,0.9990234375,0.9990234375
93,93,0,0,1,0.99951171875,0.99951171875
94,94,3,4,0,0.9013671875,0.0011234283447265625
95,95,6,0,0,0.468017578125,0.0
96,96,7,7,1,0.79638671875,0.79638671875
97,97,6,0,0,0.91259765625,0.0
98,98,7,7,1,0.93115234375,0.93115234375
99,99,6,0,0,0.69091796875,0.0
100,100,0,0,1,0.99072265625,0.99072265625
101,101,9,2,0,0.486083984375,2.980232238769531e-07
102,102,5,0,0,0.580078125,0.4111328125
103,103,5,2,0,0.47509765625,0.3369140625
104,104,2,1,0,0.64697265625,0.10565185546875
105,105,1,2,0,0.94580078125,0.053375244140625
106,106,7,7,1,0.9814453125,0.9814453125
107,107,0,0,1,0.99267578125,0.99267578125
108,108,7,7,1,0.990234375,0.990234375
109,109,5,5,1,0.8603515625,0.8603515625
110,110,9,2,0,0.90673828125,1.1920928955078125e-06
111,111,9,2,0,0.97119140625,7.748603820800781e-07
112,112,8,3,0,0.767578125,0.0
113,113,0,0,1,0.92578125,0.92578125
114,114,5,5,1,0.99560546875,0.99560546875
115,115,9,2,0,0.97314453125,0.0019378662109375
116,116,0,2,0,0.6064453125,0.36767578125
117,117,9,2,0,0.9794921875,0.00021886825561523438
118,118,0,0,1,0.9873046875,0.9873046875
119,119,0,0,1,0.50732421875,0.50732421875
120,120,0,2,0,0.677734375,0.0217742919921875
121,121,8,4,0,0.5625,0.0
122,122,7,7,1,0.98876953125,0.98876953125
123,123,5,5,1,0.998046875,0.998046875
124,124,8,4,0,0.397216796875,0.0
125,125,2,2,1,0.58251953125,0.58251953125
126,126,0,0,1,0.89599609375,0.89599609375
127,127,0,2,0,0.8564453125,0.1397705078125
128,128,9,2,0,0.751953125,0.0005340576171875
129,129,0,0,1,0.94873046875,0.94873046875
130,130,1,1,1,0.69775390625,0.69775390625
131,131,9,1,0,0.468505859375,0.00806427001953125
132,132,7,7,1,0.998046875,0.998046875
133,133,1,2,0,0.615234375,0.28173828125
134,134,6,4,0,0.6689453125,0.0
135,135,2,1,0,0.76513671875,0.0914306640625
136,136,4,4,1,0.998046875,0.998046875
137,137,0,0,1,0.99951171875,0.99951171875
138,138,7,7,1,0.99853515625,0.99853515625
139,139,4,4,1,0.99951171875,0.99951171875
140,140,8,3,0,0.95751953125,0.0003998279571533203
141,141,2,2,1,0.9775390625,0.9775390625
142,142,3,3,1,0.9990234375,0.9990234375
143,143,2,1,0,0.90478515625,0.089599609375
144,144,6,7,0,0.3896484375,0.0
145,145,9,9,1,0.68701171875,0.68701171875
146,146,2,1,0,0.544921875,0.146728515625
147,147,4,4,1,0.93994140625,0.93994140625
148,148,5,5,1,0.8173828125,0.8173828125
149,149,6,2,0,0.6171875,0.0
150,150,7,1,0,0.7119140625,0.005268096923828125
151,151,5,5,1,0.99755859375,0.99755859375
152,152,9,9,1,0.72119140625,0.72119140625
153,153,7,7,1,0.96630859375,0.96630859375
154,154,9,1,0,0.464599609375,0.00750732421875
155,155,6,2,0,0.74609375,0.0
156,156,8,5,0,0.65283203125,0.10333251953125
157,157,2,1,0,0.630859375,0.2548828125
158,158,0,0,1,0.61328125,0.61328125
159,159,6,0,0,0.54296875,0.0
160,160,0,2,0,0.377685546875,0.28515625
161,161,8,4,0,0.9296875,2.6226043701171875e-06
162,162,4,4,1,0.63623046875,0.63623046875
163,163,7,7,1,0.9814453125,0.9814453125
164,164,6,2,0,0.95068359375,0.0
165,165,6,7,0,0.720703125,0.0
166,166,9,8,0,0.9970703125,1.1920928955078125e-06
167,167,4,4,1,0.95068359375,0.95068359375
168,168,7,7,1,0.8662109375,0.8662109375
169,169,1,8,0,0.751953125,0.1961669921875
170,170,0,1,0,0.34814453125,0.159423828125
171,171,9,1,0,0.3388671875,0.2188720703125
172,172,7,7,1,0.95947265625,0.95947265625
173,173,7,7,1,0.99267578125,0.99267578125
174,174,4,7,0,0.82666015625,0.17333984375
175,175,9,1,0,0.43798828125,0.301025390625
176,176,3,5,0,0.6259765625,0.11578369140625
177,177,1,1,1,0.68994140625,0.68994140625
178,178,7,4,0,0.59765625,0.398193359375
179,179,9,9,1,0.5126953125,0.5126953125
180,180,2,1,0,0.744140625,0.2415771484375
181,181,1,1,1,0.95703125,0.95703125
182,182,4,7,0,0.51123046875,0.423583984375
183,183,9,1,0,0.454345703125,0.08404541015625
184,184,0,0,1,0.70947265625,0.70947265625
185,185,0,0,1,0.99853515625,0.99853515625
186,186,7,7,1,0.81005859375,0.81005859375
187,187,2,1,0,0.716796875,0.0626220703125
188,188,8,2,0,0.3154296875,0.12744140625
189,189,2,1,0,0.97412109375,0.024383544921875
190,190,5,5,1,0.95703125,0.95703125
191,191,1,1,1,0.689453125,0.689453125
192,192,4,4,1,0.9990234375,0.9990234375
193,193,5,5,1,0.98486328125,0.98486328125
194,194,7,7,1,0.91943359375,0.91943359375
195,195,3,3,1,0.84375,0.84375
196,196,8,8,1,0.65625,0.65625
197,197,6,5,0,0.491943359375,0.0
198,198,4,4,1,0.9951171875,0.9951171875
199,199,6,0,0,1.0,0.0
200,200,2,1,0,0.7431640625,0.176513671875
201,201,3,3,1,0.9990234375,0.9990234375
202,202,4,4,1,0.998046875,0.998046875
203,203,9,9,1,0.66259765625,0.66259765625
204,204,2,1,0,0.98779296875,0.00665283203125
205,205,8,3,0,0.94287109375,0.01263427734375
206,206,2,1,0,0.927734375,0.061187744140625
207,207,1,8,0,0.69775390625,0.00585174560546875
208,208,2,1,0,0.61328125,0.255615234375
209,209,2,1,0,0.74853515625,0.033935546875
210,210,7,7,1,0.99755859375,0.99755859375
211,211,7,7,1,0.966796875,0.966796875
212,212,3,3,1,0.9990234375,0.9990234375
213,213,0,0,1,0.8818359375,0.8818359375
214,214,4,7,0,0.6845703125,0.29443359375
215,215,9,9,1,0.6435546875,0.6435546875
216,216,5,5,1,0.9951171875,0.9951171875
217,217,7,7,1,0.9755859375,0.9755859375
218,218,7,7,1,0.9951171875,0.9951171875
219,219,7,7,1,0.87255859375,0.87255859375
220,220,2,1,0,0.80615234375,0.05487060546875
221,221,8,5,0,0.3935546875,0.3935546875
222,222,9,9,1,0.9013671875,0.9013671875
223,223,2,1,0,0.80908203125,0.1165771484375
224,224,6,0,0,0.47509765625,0.0
225,225,6,0,0,0.96728515625,0.0
226,226,4,4,1,0.79296875,0.79296875
227,227,5,5,1,0.8974609375,0.8974609375
228,228,0,5,0,0.92724609375,0.0279998779296875
229,229,0,0,1,0.303466796875,0.303466796875
230,230,7,7,1,0.7822265625,0.7822265625
231,231,3,3,1,1.0,1.0
232,232,8,5,0,0.70947265625,0.01300048828125
233,233,3,3,1,0.9521484375,0.9521484375
234,234,3,5,0,0.64453125,0.1351318359375
235,235,6,0,0,0.99169921875,0.0
236,236,3,7,0,0.64404296875,0.011077880859375
237,237,0,0,1,0.986328125,0.986328125
238,238,7,7,1,0.998046875,0.998046875
239,239,4,4,1,0.96875,0.96875
240,240,4,4,1,0.98876953125,0.98876953125
241,241,0,0,1,0.994140625,0.994140625
242,242,7,2,0,0.53271484375,0.09259033203125
243,243,2,1,0,0.93359375,0.06158447265625
244,244,2,1,0,0.79931640625,0.0743408203125
245,245,3,4,0,0.5947265625,0.12469482421875
246,246,3,3,1,0.99951171875,0.99951171875
247,247,3,3,1,0.6416015625,0.6416015625
248,248,7,7,1,0.98876953125,0.98876953125
249,249,7,7,1,0.984375,0.984375
250,250,6,2,0,0.61865234375,0.0
251,251,6,0,0,0.86328125,0.0
252,252,6,4,0,0.64599609375,0.0
253,253,8,5,0,0.38916015625,0.1572265625
254,254,2,1,0,0.66943359375,0.035491943359375
255,255,7,7,1,0.9833984375,0.9833984375
256,256,1,8,0,0.474853515625,0.347412109375
257,257,7,7,1,0.99267578125,0.99267578125
258,258,8,5,0,0.69140625,0.140380859375
259,259,2,1,0,0.8154296875,0.1507568359375
260,260,5,5,1,0.95556640625,0.95556640625
261,261,1,8,0,0.8515625,0.03515625
262,262,4,4,1,0.9970703125,0.9970703125
263,263,3,3,1,0.99951171875,0.99951171875
264,264,5,5,1,0.9970703125,0.9970703125
265,265,7,7,1,0.7626953125,0.7626953125
266,266,4,4,1,0.98486328125,0.98486328125
267,267,4,4,1,0.98095703125,0.98095703125
268,268,2,1,0,0.91845703125,0.05181884765625
269,269,3,5,0,0.654296875,0.12103271484375
270,270,8,3,0,0.6044921875,0.1627197265625
271,271,4,4,1,0.99169921875,0.99169921875
272,272,2,2,1,0.80126953125,0.80126953125
273,273,8,8,1,0.9189453125,0.9189453125
274,274,2,2,1,0.8115234375,0.8115234375
275,275,2,1,0,0.53759765625,0.431884765625
276,276,4,4,1,0.9873046875,0.9873046875
277,277,9,9,1,1.0,1.0
278,278,4,4,1,0.87060546875,0.87060546875
279,279,7,7,1,0.8798828125,0.8798828125
280,280,8,8,1,0.57958984375,0.57958984375
281,281,1,2,0,0.98876953125,0.0070953369140625
282,282,0,0,1,0.962890625,0.962890625
283,283,8,2,0,0.442626953125,0.087158203125
284,284,6,0,0,0.99560546875,0.0
285,285,1,9,0,0.61669921875,0.061065673828125
286,286,5,5,1,0.99853515625,0.99853515625
287,287,0,0,1,0.58154296875,0.58154296875
288,288,7,7,1,0.96142578125,0.96142578125
289,289,0,0,1,0.52490234375,0.52490234375
290,290,6,5,0,0.455810546875,0.0
291,291,0,0,1,0.3291015625,0.3291015625
292,292,1,1,1,0.93212890625,0.93212890625
293,293,7,7,1,0.66357421875,0.66357421875
294,294,1,8,0,0.375732421875,0.18310546875
295,295,7,7,1,0.8447265625,0.8447265625
296,296,2,8,0,0.9638671875,0.0113983154296875
297,297,6,0,0,0.7412109375,0.0
298,298,7,7,1,0.99951171875,0.99951171875
299,299,8,8,1,0.60546875,0.60546875
300,300,5,5,1,0.9931640625,0.9931640625
301,301,5,5,1,0.9814453125,0.9814453125
302,302,2,1,0,0.701171875,0.274658203125
303,303,4,4,1,0.99951171875,0.99951171875
304,304,7,7,1,0.916015625,0.916015625
305,305,1,2,0,0.51025390625,0.350830078125
306,306,1,9,0,0.40966796875,0.24853515625
307,307,4,4,1,0.99072265625,0.99072265625
308,308,0,0,1,0.9921875,0.9921875
309,309,3,5,0,0.370849609375,0.2548828125
310,310,7,7,1,0.97216796875,0.97216796875
311,311,5,5,1,0.537109375,0.537109375
312,312,7,1,0,0.478515625,0.1873779296875
313,313,9,9,1,0.99951171875,0.99951171875
314,314,2,8,0,0.6796875,0.104248046875
315,315,4,4,1,0.99951171875,0.99951171875
316,316,5,5,1,0.9990234375,0.9990234375
317,317,0,0,1,0.99462890625,0.99462890625
318,318,2,3,0,0.67041015625,0.06634521484375
319,319,2,2,1,0.90380859375,0.90380859375
320,320,6,0,0,0.80517578125,5.960464477539063e-08
321,321,3,7,0,0.64501953125,0.052947998046875
322,322,3,3,1,0.397216796875,0.397216796875
323,323,1,1,1,0.98974609375,0.98974609375
324,324,1,9,0,0.54345703125,0.410400390625
325,325,5,5,1,0.998046875,0.998046875
326,326,9,8,0,0.342041015625,0.266357421875
327,327,3,3,1,0.99951171875,0.99951171875
328,328,7,7,1,0.9990234375,0.9990234375
329,329,3,3,1,0.921875,0.921875
330,330,0,1,0,0.6396484375,0.11114501953125
331,331,2,8,0,0.64111328125,0.01036834716796875
332,332,5,5,1,0.9794921875,0.9794921875
333,333,3,3,1,0.89306640625,0.89306640625
334,334,3,7,0,0.783203125,0.01434326171875
335,335,3,3,1,0.78125,0.78125
336,336,8,8,1,0.94580078125,0.94580078125
337,337,7,7,1,0.82763671875,0.82763671875
338,338,0,0,1,0.6279296875,0.6279296875
339,339,3,5,0,0.611328125,0.1807861328125
340,340,5,5,1,0.99609375,0.99609375
341,341,3,5,0,0.54443359375,0.374267578125
342,342,7,7,1,0.90966796875,0.90966796875
343,343,5,5,1,0.99951171875,0.99951171875
344,344,4,4,1,0.89794921875,0.89794921875
345,345,1,1,1,0.7900390625,0.7900390625
346,346,7,7,1,0.97900390625,0.97900390625
347,347,8,8,1,0.89892578125,0.89892578125
348,348,5,5,1,0.9296875,0.9296875
349,349,1,1,1,0.62646484375,0.62646484375
350,350,9,9,1,0.99951171875,0.99951171875
351,351,9,9,1,0.99560546875,0.99560546875
352,352,5,1,0,0.55859375,0.360595703125
353,353,3,3,1,0.7587890625,0.7587890625
354,354,6,5,0,0.99658203125,0.0
355,355,2,7,0,0.609375,0.0850830078125
356,356,9,9,1,0.9951171875,0.9951171875
357,357,6,5,0,0.80126953125,5.960464477539063e-08
358,358,3,5,0,0.78662109375,0.1549072265625
359,359,1,1,1,0.87890625,0.87890625
360,360,3,3,1,0.998046875,0.998046875
361,361,7,7,1,0.8046875,0.8046875
362,362,9,9,1,0.9970703125,0.9970703125
363,363,9,9,1,0.9287109375,0.9287109375
364,364,2,1,0,0.92041015625,0.04302978515625
365,365,9,9,1,0.9990234375,0.9990234375
366,366,6,7,0,0.53076171875,0.0
367,367,6,5,0,0.88623046875,5.8531761169433594e-05
368,368,4,4,1,1.0,1.0
369,369,6,5,0,0.91943359375,5.662441253662109e-06
370,370,9,9,1,0.99853515625,0.99853515625
371,371,6,5,0,0.6650390625,0.04669189453125
372,372,8,8,1,0.99853515625,0.99853515625
373,373,1,2,0,0.99560546875,0.00406646728515625
374,374,5,5,1,0.99755859375,0.99755859375
375,375,3,5,0,0.499267578125,0.388671875
376,376,0,0,1,0.95166015625,0.95166015625
377,377,7,7,1,0.84716796875,0.84716796875
378,378,6,1,0,0.724609375,8.14199447631836e-05
379,379,0,0,1,0.5732421875,0.5732421875
380,380,3,3,1,0.98388671875,0.98388671875
381,381,6,6,1,0.9814453125,0.9814453125
382,382,9,9,1,0.9921875,0.9921875
383,383,6,6,1,0.88330078125,0.88330078125
384,384,9,9,1,0.998046875,0.998046875
385,385,7,7,1,0.99951171875,0.99951171875
386,386,6,1,0,0.77685546875,0.010406494140625
387,387,7,7,1,0.98876953125,0.98876953125
388,388,1,1,1,0.74462890625,0.74462890625
389,389,9,9,1,0.640625,0.640625
390,390,7,7,1,0.982421875,0.982421875
391,391,1,1,1,0.4931640625,0.4931640625
392,392,9,9,1,0.99267578125,0.99267578125
393,393,0,9,0,0.2734375,0.2130126953125
394,394,2,1,0,0.75048828125,0.1783447265625
395,395,2,1,0,0.9111328125,0.06597900390625
396,396,5,5,1,0.966796875,0.966796875
397,397,9,9,1,0.99951171875,0.99951171875
398,398,1,1,1,0.91943359375,0.91943359375
399,399,8,8,1,0.57080078125,0.57080078125
400,400,9,9,1,0.99609375,0.99609375
401,401,9,9,1,0.99609375,0.99609375
402,402,5,5,1,0.87646484375,0.87646484375
403,403,2,1,0,0.78369140625,0.1861572265625
404,404,0,6,0,0.77734375,0.0386962890625
405,405,4,4,1,0.5966796875,0.5966796875
406,406,3,3,1,0.99951171875,0.99951171875
407,407,9,9,1,0.99365234375,0.99365234375
408,408,1,1,1,0.994140625,0.994140625
409,409,9,9,1,0.82177734375,0.82177734375
410,410,9,9,1,0.9873046875,0.9873046875
411,411,0,9,0,0.8701171875,0.0175018310546875
412,412,1,1,1,0.927734375,0.927734375
413,413,2,8,0,0.98486328125,0.00604248046875
414,414,0,0,1,0.93505859375,0.93505859375
415,415,9,9,1,0.9580078125,0.9580078125
416,416,9,9,1,0.9775390625,0.9775390625
417,417,4,4,1,1.0,1.0
418,418,6,4,0,0.595703125,0.1873779296875
419,419,5,5,1,0.974609375,0.974609375
420,420,0,0,1,0.90478515625,0.90478515625
421,421,3,3,1,0.984375,0.984375
422,422,5,5,1,0.52734375,0.52734375
423,423,0,1,0,0.53125,0.2080078125
424,424,4,4,1,0.85595703125,0.85595703125
425,425,9,9,1,0.97998046875,0.97998046875
426,426,7,7,1,0.77734375,0.77734375
427,427,9,9,1,0.9423828125,0.9423828125
428,428,2,8,0,0.339599609375,0.25634765625
429,429,9,9,1,0.96337890625,0.96337890625
430,430,2,1,0,0.50537109375,0.489990234375
431,431,2,2,1,0.62646484375,0.62646484375
432,432,9,9,1,1.0,1.0
433,433,2,1,0,0.9033203125,0.05426025390625
434,434,2,2,1,0.6474609375,0.6474609375
435,435,0,0,1,0.85205078125,0.85205078125
436,436,0,0,1,0.50048828125,0.50048828125
437,437,2,1,0,0.357421875,0.29638671875
438,438,9,9,1,0.9951171875,0.9951171875
439,439,1,1,1,0.8837890625,0.8837890625
440,440,9,9,1,0.97802734375,0.97802734375
441,441,3,3,1,0.97509765625,0.97509765625
442,442,2,6,0,0.56201171875,0.0169830322265625
443,443,7,7,1,0.99609375,0.99609375
444,444,7,7,1,0.73583984375,0.73583984375
445,445,2,2,1,0.64404296875,0.64404296875
446,446,3,5,0,0.51123046875,0.3740234375
447,447,4,4,1,1.0,1.0
448,448,3,3,1,0.97900390625,0.97900390625
449,449,8,4,0,0.7802734375,0.11236572265625
450,450,7,7,1,0.58349609375,0.58349609375
451,451,0,6,0,0.75537109375,0.2098388671875
452,452,6,6,1,0.7587890625,0.7587890625
453,453,0,0,1,0.6123046875,0.6123046875
454,454,8,5,0,0.428466796875,0.0133514404296875
455,455,1,1,1,0.79443359375,0.79443359375
456,456,7,7,1,0.422119140625,0.422119140625
457,457,7,7,1,0.990234375,0.990234375
458,458,1,1,1,0.95849609375,0.95849609375
459,459,8,8,1,0.96923828125,0.96923828125
460,460,9,9,1,0.9951171875,0.9951171875
461,461,6,6,1,0.90234375,0.90234375
462,462,3,6,0,0.294921875,0.277099609375
463,463,5,5,1,0.88525390625,0.88525390625
464,464,5,5,1,0.869140625,0.869140625
465,465,9,9,1,0.96240234375,0.96240234375
466,466,8,8,1,0.99755859375,0.99755859375
467,467,9,9,1,0.984375,0.984375
468,468,7,7,1,0.9833984375,0.9833984375
469,469,7,7,1,0.99267578125,0.99267578125
470,470,8,5,0,0.87890625,0.01141357421875
471,471,1,1,1,0.95068359375,0.95068359375
472,472,4,4,1,0.9873046875,0.9873046875
473,473,7,3,0,0.73876953125,0.23974609375
474,474,2,1,0,0.74951171875,0.167236328125
475,475,6,6,1,0.92919921875,0.92919921875
476,476,4,4,1,0.8798828125,0.8798828125
477,477,5,5,1,0.54931640625,0.54931640625
478,478,9,9,1,0.97509765625,0.97509765625
479,479,5,5,1,0.876953125,0.876953125
480,480,4,4,1,0.9013671875,0.9013671875
481,481,1,1,1,0.9970703125,0.9970703125
482,482,4,4,1,0.9990234375,0.9990234375
483,483,3,6,0,0.394287109375,0.03668212890625
484,484,8,8,1,0.9990234375,0.9990234375
485,485,8,8,1,0.65283203125,0.65283203125
486,486,4,4,1,0.98046875,0.98046875
487,487,1,1,1,0.779296875,0.779296875
488,488,1,2,0,0.99658203125,0.00327301025390625
489,489,7,7,1,0.97412109375,0.97412109375
490,490,2,1,0,0.96875,0.0274810791015625
491,491,7,7,1,0.984375,0.984375
492,492,0,0,1,0.64990234375,0.64990234375
493,493,2,1,0,0.61083984375,0.023681640625
494,494,0,9,0,0.417724609375,0.0640869140625
495,495,0,0,1,0.55517578125,0.55517578125
496,496,8,5,0,0.74560546875,0.044769287109375
497,497,6,6,1,0.2626953125,0.2626953125
498,498,8,3,0,0.371826171875,0.0090179443359375
499,499,6,6,1,0.84130859375,0.84130859375
500,500,0,1,0,0.42041015625,0.317138671875
501,501,8,8,1,0.96630859375,0.96630859375
502,502,4,4,1,0.9482421875,0.9482421875
503,503,1,1,1,0.91259765625,0.91259765625
504,504,7,7,1,0.97216796875,0.97216796875
505,505,8,8,1,0.97900390625,0.97900390625
506,506,8,3,0,0.50048828125,0.00490570068359375
507,507,0,0,1,0.465087890625,0.465087890625
508,508,9,9,1,0.9501953125,0.9501953125
509,509,7,7,1,0.955078125,0.955078125
510,510,3,3,1,0.99951171875,0.99951171875
511,511,6,6,1,0.449462890625,0.449462890625
512,512,9,9,1,0.990234375,0.990234375
513,513,8,5,0,0.677734375,0.110595703125
514,514,5,5,1,0.75830078125,0.75830078125
515,515,2,1,0,0.65625,0.107177734375
516,516,0,0,1,0.95166015625,0.95166015625
517,517,9,9,1,1.0,1.0
518,518,8,8,1,0.9345703125,0.9345703125
519,519,3,7,0,0.91064453125,0.022796630859375
520,520,1,9,0,0.90869140625,0.05810546875
521,521,4,7,0,0.68115234375,0.31201171875
522,522,7,7,1,0.99072265625,0.99072265625
523,523,3,3,1,0.98876953125,0.98876953125
524,524,5,5,1,0.619140625,0.619140625
525,525,0,0,1,0.5712890625,0.5712890625
526,526,4,4,1,0.99755859375,0.99755859375
527,527,2,1,0,0.884765625,0.051513671875
528,528,1,1,1,0.685546875,0.685546875
529,529,1,9,0,0.990234375,0.00830078125
530,530,8,8,1,0.62109375,0.62109375
531,531,2,1,0,0.9033203125,0.00757598876953125
532,532,0,1,0,0.4873046875,0.06005859375
533,533,0,0,1,0.293212890625,0.293212890625
534,534,8,5,0,0.54833984375,0.018768310546875
535,535,8,4,0,0.943359375,0.0389404296875
536,536,6,6,1,0.625,0.625
537,537,1,1,1,0.921875,0.921875
538,538,7,7,1,0.4443359375,0.4443359375
539,539,4,4,1,0.83935546875,0.83935546875
540,540,2,1,0,0.9375,0.04522705078125
541,541,7,7,1,0.99951171875,0.99951171875
542,542,9,9,1,0.98828125,0.98828125
543,543,7,7,1,0.984375,0.984375
544,544,0,0,1,0.66259765625,0.66259765625
545,545,1,1,1,0.9736328125,0.9736328125
546,546,5,5,1,0.970703125,0.970703125
547,547,9,9,1,0.99365234375,0.99365234375
548,548,3,3,1,1.0,1.0
549,549,7,7,1,0.9912109375,0.9912109375
550,550,9,9,1,0.974609375,0.974609375
551,551,6,6,1,0.970703125,0.970703125
552,552,4,4,1,0.994140625,0.994140625
553,553,7,7,1,0.98974609375,0.98974609375
554,554,8,8,1,0.76904296875,0.76904296875
555,555,0,1,0,0.478271484375,0.12091064453125
556,556,8,8,1,0.5595703125,0.5595703125
557,557,8,8,1,0.85546875,0.85546875
558,558,5,1,0,0.560546875,0.1708984375
559,559,0,0,1,0.5224609375,0.5224609375
560,560,3,3,1,0.97412109375,0.97412109375
561,561,0,1,0,0.353759765625,0.130126953125
562,562,2,1,0,0.68115234375,0.032867431640625
563,563,2,1,0,0.6884765625,0.153564453125
564,564,0,0,1,0.685546875,0.685546875
565,565,9,9,1,0.95166015625,0.95166015625
566,566,6,6,1,0.6591796875,0.6591796875
567,567,1,1,1,0.9736328125,0.9736328125
568,568,6,6,1,0.7626953125,0.7626953125
569,569,0,1,0,0.3017578125,0.1297607421875
570,570,7,7,1,0.99658203125,0.99658203125
571,571,9,9,1,0.9990234375,0.9990234375
572,572,4,4,1,0.91259765625,0.91259765625
573,573,0,0,1,0.923828125,0.923828125
574,574,2,1,0,0.755859375,0.1273193359375
575,575,7,7,1,0.81494140625,0.81494140625
576,576,2,1,0,0.9736328125,0.00984954833984375
577,577,7,7,1,1.0,1.0
578,578,7,7,1,0.9951171875,0.9951171875
579,579,0,0,1,0.509765625,0.509765625
580,580,2,8,0,0.317626953125,0.12432861328125
581,581,6,5,0,0.67919921875,0.283203125
582,582,2,6,0,0.544921875,0.1253662109375
583,583,3,3,1,0.9013671875,0.9013671875
584,584,7,7,1,0.80322265625,0.80322265625
585,585,9,9,1,1.0,1.0
586,586,8,3,0,0.9287109375,0.0672607421875
587,587,3,3,1,0.99951171875,0.99951171875
588,588,2,1,0,0.6748046875,0.11724853515625
589,589,0,0,1,0.92431640625,0.92431640625
590,590,2,1,0,0.82470703125,0.035125732421875
591,591,3,4,0,0.59326171875,0.032440185546875
592,592,2,1,0,0.857421875,0.08758544921875
593,593,4,4,1,0.9931640625,0.9931640625
594,594,1,1,1,0.78662109375,0.78662109375
595,595,1,9,0,0.7890625,0.199462890625
596,596,2,1,0,0.90869140625,0.004077911376953125
597,597,8,6,0,0.52734375,0.07598876953125
598,598,9,9,1,0.97412109375,0.97412109375
599,599,0,0,1,0.69775390625,0.69775390625
600,600,7,5,0,0.6171875,0.310302734375
601,601,9,9,1,0.98193359375,0.98193359375
602,602,1,1,1,0.96728515625,0.96728515625
603,603,4,4,1,0.90234375,0.90234375
604,604,6,6,1,0.72998046875,0.72998046875
605,605,9,9,1,0.96630859375,0.96630859375
606,606,9,9,1,0.96044921875,0.96044921875
607,607,8,1,0,0.81494140625,0.057220458984375
608,608,9,9,1,0.9951171875,0.9951171875
609,609,7,7,1,0.99951171875,0.99951171875
610,610,6,6,1,0.8974609375,0.8974609375
611,611,6,0,0,0.91845703125,0.08026123046875
612,612,1,1,1,0.49853515625,0.49853515625
613,613,2,1,0,0.5966796875,0.2335205078125
614,614,7,7,1,0.99755859375,0.99755859375
615,615,5,5,1,0.70068359375,0.70068359375
616,616,1,1,1,0.9951171875,0.9951171875
617,617,1,1,1,0.9853515625,0.9853515625
618,618,5,5,1,0.60595703125,0.60595703125
619,619,5,1,0,0.492431640625,0.421142578125
620,620,7,7,1,0.998046875,0.998046875
621,621,9,9,1,0.9921875,0.9921875
622,622,0,1,0,0.394775390625,0.023712158203125
623,623,8,7,0,0.97900390625,0.0005087852478027344
624,624,7,7,1,0.998046875,0.998046875
625,625,7,7,1,1.0,1.0
626,626,3,6,0,0.68115234375,0.0019130706787109375
627,627,3,3,1,1.0,1.0
628,628,5,9,0,0.2349853515625,0.08380126953125
629,629,8,5,0,0.44140625,0.267822265625
630,630,3,3,1,0.904296875,0.904296875
631,631,2,1,0,0.409423828125,0.409423828125
632,632,8,7,0,0.8046875,0.1397705078125
633,633,1,1,1,0.716796875,0.716796875
634,634,7,7,1,0.919921875,0.919921875
635,635,5,6,0,0.445556640625,0.2039794921875
636,636,3,3,1,0.9609375,0.9609375
637,637,2,1,0,0.76025390625,0.11663818359375
638,638,7,7,1,0.982421875,0.982421875
639,639,1,1,1,0.49853515625,0.49853515625
640,640,9,9,1,0.9775390625,0.9775390625
641,641,7,7,1,0.99560546875,0.99560546875
642,642,7,2,0,0.464599609375,0.12115478515625
643,643,5,5,1,0.86279296875,0.86279296875
644,644,7,7,1,0.99951171875,0.99951171875
645,645,0,0,1,0.8564453125,0.8564453125
646,646,5,5,1,0.92724609375,0.92724609375
647,647,1,1,1,0.83642578125,0.83642578125
648,648,6,6,1,0.5888671875,0.5888671875
649,649,3,3,1,0.9326171875,0.9326171875
650,650,1,1,1,0.86962890625,0.86962890625
651,651,1,1,1,0.98828125,0.98828125
652,652,4,4,1,0.97607421875,0.97607421875
653,653,6,6,1,0.58056640625,0.58056640625
654,654,4,4,1,0.9765625,0.9765625
655,655,6,6,1,0.87841796875,0.87841796875
656,656,4,4,1,0.9951171875,0.9951171875
657,657,1,1,1,0.7578125,0.7578125
658,658,5,1,0,0.5625,0.03076171875
659,659,4,4,1,0.92919921875,0.92919921875
660,660,9,9,1,0.9541015625,0.9541015625
661,661,8,3,0,0.47802734375,0.006816864013671875
662,662,1,1,1,0.93115234375,0.93115234375
663,663,0,0,1,0.89111328125,0.89111328125
664,664,7,7,1,0.9970703125,0.9970703125
665,665,0,0,1,0.3857421875,0.3857421875
666,666,6,6,1,0.93798828125,0.93798828125
667,667,1,1,1,0.71923828125,0.71923828125
668,668,4,4,1,0.88330078125,0.88330078125
669,669,1,1,1,0.533203125,0.533203125
670,670,6,6,1,0.74365234375,0.74365234375
671,671,5,5,1,0.458984375,0.458984375
672,672,8,8,1,0.99658203125,0.99658203125
673,673,3,5,0,0.5458984375,0.2071533203125
674,674,5,5,1,0.7275390625,0.7275390625
675,675,2,2,1,0.476806640625,0.476806640625
676,676,4,4,1,0.9873046875,0.9873046875
677,677,2,7,0,0.325927734375,0.2310791015625
678,678,0,6,0,0.53662109375,0.444580078125
679,679,2,1,0,0.8779296875,0.0791015625
680,680,2,1,0,0.9482421875,0.0286407470703125
681,681,4,4,1,0.66357421875,0.66357421875
682,682,3,3,1,0.99951171875,0.99951171875
683,683,6,6,1,0.5087890625,0.5087890625
684,684,4,4,1,0.99072265625,0.99072265625
685,685,7,7,1,0.92822265625,0.92822265625
686,686,8,5,0,0.6875,0.2303466796875
687,687,4,4,1,0.99853515625,0.99853515625
688,688,0,9,0,0.72314453125,0.09783935546875
689,689,6,6,1,0.70263671875,0.70263671875
690,690,4,4,1,0.97265625,0.97265625
691,691,1,1,1,0.744140625,0.744140625
692,692,4,4,1,0.865234375,0.865234375
693,693,2,6,0,0.4052734375,0.046905517578125
694,694,6,6,1,0.96337890625,0.96337890625
695,695,4,4,1,0.537109375,0.537109375
696,696,7,7,1,0.9931640625,0.9931640625
697,697,5,5,1,0.92578125,0.92578125
698,698,3,3,1,1.0,1.0
699,699,2,1,0,0.6572265625,0.1466064453125
700,700,5,5,1,0.998046875,0.998046875
701,701,0,0,1,0.52001953125,0.52001953125
702,702,0,0,1,0.50341796875,0.50341796875
703,703,4,4,1,0.9990234375,0.9990234375
704,704,1,1,1,0.87890625,0.87890625
705,705,9,9,1,0.98095703125,0.98095703125
706,706,5,6,0,0.6015625,0.364990234375
707,707,7,7,1,0.998046875,0.998046875
708,708,9,9,1,0.99658203125,0.99658203125
709,709,8,5,0,0.54931640625,0.267822265625
710,710,9,9,1,0.9921875,0.9921875
711,711,8,8,1,0.82275390625,0.82275390625
712,712,6,6,1,0.5107421875,0.5107421875
713,713,0,0,1,0.496826171875,0.496826171875
714,714,6,6,1,0.68994140625,0.68994140625
715,715,4,4,1,0.95751953125,0.95751953125
716,716,2,6,0,0.654296875,0.001224517822265625
717,717,7,7,1,0.99853515625,0.99853515625
718,718,0,0,1,0.3095703125,0.3095703125
719,719,1,1,1,0.93994140625,0.93994140625
720,720,9,9,1,0.94482421875,0.94482421875
721,721,5,3,0,0.345458984375,0.2607421875
722,722,1,1,1,0.9833984375,0.9833984375
723,723,1,1,1,0.759765625,0.759765625
724,724,6,6,1,0.685546875,0.685546875
725,725,8,8,1,0.468994140625,0.468994140625
726,726,5,5,1,0.98828125,0.98828125
727,727,8,3,0,0.98681640625,0.00853729248046875
728,728,3,3,1,0.96728515625,0.96728515625
729,729,9,9,1,0.95458984375,0.95458984375
730,730,9,9,1,0.98046875,0.98046875
731,731,3,3,1,0.99755859375,0.99755859375
732,732,8,8,1,0.94091796875,0.94091796875
733,733,4,7,0,0.67919921875,0.301513671875
734,734,4,4,1,0.9921875,0.9921875
735,735,2,5,0,0.837890625,0.0015192031860351562
736,736,7,7,1,1.0,1.0
737,737,1,1,1,0.7802734375,0.7802734375
738,738,9,9,1,0.9521484375,0.9521484375
739,739,6,6,1,0.95947265625,0.95947265625
740,740,9,9,1,0.92919921875,0.92919921875
741,741,1,1,1,0.85400390625,0.85400390625
742,742,9,9,1,0.9609375,0.9609375
743,743,1,9,0,0.8466796875,0.134033203125
744,744,9,9,1,1.0,1.0
745,745,1,1,1,0.7294921875,0.7294921875
746,746,8,3,0,0.724609375,0.009124755859375
747,747,3,6,0,0.51904296875,0.31494140625
748,748,0,9,0,0.51025390625,0.06903076171875
749,749,7,7,1,0.9990234375,0.9990234375
750,750,1,1,1,0.9677734375,0.9677734375
751,751,4,4,1,0.69970703125,0.69970703125
752,752,8,4,0,0.3916015625,0.367919921875
753,753,6,6,1,0.8310546875,0.8310546875
754,754,2,5,0,0.4794921875,0.0224151611328125
755,755,3,3,1,0.9443359375,0.9443359375
756,756,7,7,1,0.89453125,0.89453125
757,757,7,7,1,0.9951171875,0.9951171875
758,758,8,4,0,0.7509765625,0.01104736328125
759,759,7,7,1,0.99853515625,0.99853515625
760,760,4,7,0,0.88427734375,0.1124267578125
761,761,5,5,1,0.96337890625,0.96337890625
762,762,4,4,1,0.88671875,0.88671875
763,763,7,7,1,1.0,1.0
764,764,0,0,1,0.5,0.5
765,765,4,4,1,0.97900390625,0.97900390625
766,766,0,5,0,0.451171875,0.291259765625
767,767,5,5,1,0.71435546875,0.71435546875
768,768,8,8,1,0.9267578125,0.9267578125
769,769,6,6,1,0.69091796875,0.69091796875
770,770,3,3,1,0.92724609375,0.92724609375
771,771,7,7,1,0.998046875,0.998046875
772,772,6,6,1,0.86279296875,0.86279296875
773,773,7,7,1,0.9990234375,0.9990234375
774,774,4,4,1,0.99853515625,0.99853515625
775,775,5,5,1,0.94189453125,0.94189453125
776,776,8,8,1,0.9228515625,0.9228515625
777,777,6,0,0,0.361328125,0.272705078125
778,778,2,1,0,0.73388671875,0.062164306640625
779,779,8,3,0,0.88818359375,0.09967041015625
780,780,8,8,1,0.90087890625,0.90087890625
781,781,7,7,1,0.99267578125,0.99267578125
782,782,5,5,1,0.671875,0.671875
783,783,2,2,1,0.390869140625,0.390869140625
784,784,9,9,1,0.970703125,0.970703125
785,785,8,8,1,0.92138671875,0.92138671875
786,786,6,7,0,0.470947265625,0.41552734375
787,787,9,9,1,0.9921875,0.9921875
788,788,7,7,1,0.99951171875,0.99951171875
789,789,0,6,0,0.5224609375,0.461181640625
790,790,6,6,1,0.251708984375,0.251708984375
791,791,5,6,0,0.7138671875,0.231689453125
792,792,5,6,0,0.8291015625,0.163330078125
793,793,3,3,1,0.974609375,0.974609375
794,794,8,8,1,0.98876953125,0.98876953125
795,795,9,9,1,0.93017578125,0.93017578125
796,796,0,5,0,0.44287109375,0.01337432861328125
797,797,8,4,0,0.81201171875,0.07318115234375
798,798,3,3,1,0.5693359375,0.5693359375
799,799,3,6,0,0.85693359375,0.04541015625
800,800,0,0,1,0.4462890625,0.4462890625
801,801,9,9,1,0.9951171875,0.9951171875
802,802,8,5,0,0.86181640625,0.045684814453125
803,803,6,6,1,0.9951171875,0.9951171875
804,804,1,1,1,0.98583984375,0.98583984375
805,805,7,7,1,0.99462890625,0.99462890625
806,806,2,1,0,0.921875,0.035736083984375
807,807,6,6,1,0.974609375,0.974609375
808,808,2,1,0,0.57177734375,0.2310791015625
809,809,1,1,1,0.98974609375,0.98974609375
810,810,7,7,1,0.99951171875,0.99951171875
811,811,2,1,0,0.94091796875,0.01384735107421875
812,812,0,0,1,0.8896484375,0.8896484375
813,813,0,6,0,0.546875,0.375732421875
814,814,3,3,1,0.60302734375,0.60302734375
815,815,1,1,1,0.9931640625,0.9931640625
816,816,1,9,0,0.58837890625,0.404296875
817,817,0,2,0,0.33251953125,0.126220703125
818,818,9,9,1,0.96533203125,0.96533203125
819,819,7,7,1,0.9130859375,0.9130859375
820,820,7,7,1,0.99951171875,0.99951171875
821,821,7,7,1,0.96435546875,0.96435546875
822,822,6,0,0,0.64599609375,0.2376708984375
823,823,3,6,0,0.5859375,0.1153564453125
824,824,2,2,1,0.3056640625,0.3056640625
825,825,9,8,0,0.60595703125,0.0341796875
826,826,2,1,0,0.31982421875,0.2001953125
827,827,5,5,1,0.98291015625,0.98291015625
828,828,8,8,1,0.8046875,0.8046875
829,829,8,3,0,0.5673828125,0.003070831298828125
830,830,1,1,1,0.95703125,0.95703125
831,831,7,7,1,0.994140625,0.994140625
832,832,0,6,0,0.6484375,0.27880859375
833,833,2,9,0,0.58251953125,0.00444793701171875
834,834,0,0,1,0.43359375,0.43359375
835,835,0,9,0,0.64501953125,0.0679931640625
836,836,0,9,0,0.91259765625,0.0061492919921875
837,837,1,1,1,0.8037109375,0.8037109375
838,838,0,0,1,0.89111328125,0.89111328125
839,839,1,1,1,0.87158203125,0.87158203125
840,840,9,9,1,0.7998046875,0.7998046875
841,841,1,9,0,0.61083984375,0.382080078125
842,842,0,0,1,0.7412109375,0.7412109375
843,843,3,4,0,0.7919921875,0.00470733642578125
844,844,2,3,0,0.8291015625,0.0033893585205078125
845,845,8,5,0,0.434326171875,0.31787109375
846,846,0,0,1,0.37109375,0.37109375
847,847,6,6,1,0.96337890625,0.96337890625
848,848,9,9,1,0.92626953125,0.92626953125
849,849,8,8,1,0.82275390625,0.82275390625
850,850,8,1,0,0.47265625,0.2958984375
851,851,4,4,1,0.5283203125,0.5283203125
852,852,9,9,1,0.9951171875,0.9951171875
853,853,7,7,1,0.99951171875,0.99951171875
854,854,8,7,0,0.62451171875,0.26025390625
855,855,2,1,0,0.443603515625,0.14404296875
856,856,2,1,0,0.99609375,0.0015935897827148438
857,857,0,1,0,0.5986328125,0.1422119140625
858,858,3,3,1,0.96484375,0.96484375
859,859,2,6,0,0.6328125,0.2054443359375
860,860,1,1,1,0.62548828125,0.62548828125
861,861,7,7,1,0.99853515625,0.99853515625
862,862,0,0,1,0.72900390625,0.72900390625
863,863,4,7,0,0.7763671875,0.222412109375
864,864,3,5,0,0.44189453125,0.041107177734375
865,865,4,4,1,0.9697265625,0.9697265625
866,866,8,8,1,0.91357421875,0.91357421875
867,867,2,1,0,0.50390625,0.074951171875
868,868,4,7,0,0.8974609375,0.0946044921875
869,869,1,1,1,0.99560546875,0.99560546875
870,870,9,9,1,0.91015625,0.91015625
871,871,2,1,0,0.95556640625,0.01061248779296875
872,872,3,3,1,0.9873046875,0.9873046875
873,873,3,3,1,0.962890625,0.962890625
874,874,7,7,1,0.94677734375,0.94677734375
875,875,4,4,1,0.9677734375,0.9677734375
876,876,6,5,0,0.4541015625,0.3427734375
877,877,7,7,1,0.9990234375,0.9990234375
878,878,9,9,1,0.96337890625,0.96337890625
879,879,7,7,1,0.998046875,0.998046875
880,880,9,9,1,0.97509765625,0.97509765625
881,881,3,3,1,0.51123046875,0.51123046875
882,882,3,3,1,0.97998046875,0.97998046875
883,883,3,3,1,0.75634765625,0.75634765625
884,884,7,7,1,0.99951171875,0.99951171875
885,885,1,1,1,0.83349609375,0.83349609375
886,886,7,7,1,0.99267578125,0.99267578125
887,887,0,0,1,0.422119140625,0.422119140625
888,888,7,7,1,0.93603515625,0.93603515625
889,889,0,1,0,0.3349609375,0.035308837890625
890,890,6,1,0,0.33837890625,0.159912109375
891,891,8,8,1,0.93408203125,0.93408203125
892,892,8,5,0,0.453857421875,0.2430419921875
893,893,9,9,1,0.99658203125,0.99658203125
894,894,6,6,1,0.990234375,0.990234375
895,895,3,4,0,0.64697265625,0.2379150390625
896,896,8,1,0,0.912109375,0.00696563720703125
897,897,5,3,0,0.44970703125,0.2406005859375
898,898,7,7,1,0.9990234375,0.9990234375
899,899,9,9,1,0.97314453125,0.97314453125
900,900,6,6,1,0.93798828125,0.93798828125
901,901,3,3,1,0.958984375,0.958984375
902,902,9,9,1,0.99755859375,0.99755859375
903,903,9,1,0,0.74951171875,0.10467529296875
904,904,4,4,1,0.650390625,0.650390625
905,905,3,7,0,0.73095703125,0.1630859375
906,906,7,7,1,0.93603515625,0.93603515625
907,907,8,8,1,0.70947265625,0.70947265625
908,908,9,9,1,0.986328125,0.986328125
909,909,2,1,0,0.505859375,0.10601806640625
910,910,5,5,1,0.74072265625,0.74072265625
911,911,6,6,1,0.87841796875,0.87841796875
912,912,2,1,0,0.88818359375,0.01153564453125
913,913,4,4,1,0.87841796875,0.87841796875
914,914,2,6,0,0.339599609375,0.299560546875
915,915,1,1,1,0.9619140625,0.9619140625
916,916,0,6,0,0.79931640625,0.095458984375
917,917,6,6,1,0.95654296875,0.95654296875
918,918,6,6,1,0.765625,0.765625
919,919,8,8,1,0.9716796875,0.9716796875
920,920,7,7,1,0.857421875,0.857421875
921,921,7,7,1,0.99853515625,0.99853515625
922,922,3,3,1,0.57177734375,0.57177734375
923,923,3,5,0,0.7109375,0.1585693359375
924,924,2,5,0,0.34326171875,0.04364013671875
925,925,1,1,1,0.94921875,0.94921875
926,926,9,9,1,0.9833984375,0.9833984375
927,927,5,5,1,0.8896484375,0.8896484375
928,928,4,7,0,0.56201171875,0.4375
929,929,6,6,1,0.88330078125,0.88330078125
930,930,6,6,1,0.93994140625,0.93994140625
931,931,7,7,1,0.9931640625,0.9931640625
932,932,9,9,1,0.9677734375,0.9677734375
933,933,4,4,1,0.560546875,0.560546875
934,934,1,1,1,0.98486328125,0.98486328125
935,935,3,7,0,0.77099609375,0.0181427001953125
936,936,0,0,1,0.83056640625,0.83056640625
937,937,7,7,1,0.990234375,0.990234375
938,938,6,6,1,0.61474609375,0.61474609375
939,939,3,3,1,0.99072265625,0.99072265625
940,940,6,6,1,0.97705078125,0.97705078125
941,941,5,1,0,0.8056640625,0.0214691162109375
942,942,5,5,1,0.9951171875,0.9951171875
943,943,2,2,1,0.490478515625,0.490478515625
944,944,1,9,0,0.73388671875,0.23095703125
945,945,3,7,0,0.837890625,0.1502685546875
946,946,0,0,1,0.27392578125,0.27392578125
947,947,4,4,1,0.95458984375,0.95458984375
948,948,7,7,1,0.97607421875,0.97607421875
949,949,6,6,1,0.9521484375,0.9521484375
950,950,8,8,1,0.60205078125,0.60205078125
951,951,1,1,1,0.583984375,0.583984375
952,952,5,5,1,0.7568359375,0.7568359375
953,953,6,6,1,0.97119140625,0.97119140625
954,954,7,7,1,0.66357421875,0.66357421875
955,955,9,9,1,0.99951171875,0.99951171875
956,956,6,6,1,0.98046875,0.98046875
957,957,0,0,1,0.340087890625,0.340087890625
958,958,2,1,0,0.896484375,0.046051025390625
959,959,4,4,1,0.49951171875,0.49951171875
960,960,0,0,1,0.875,0.875
961,961,3,3,1,0.96826171875,0.96826171875
962,962,0,0,1,0.8740234375,0.8740234375
963,963,7,7,1,0.99267578125,0.99267578125
964,964,9,9,1,0.99462890625,0.99462890625
965,965,1,1,1,0.99853515625,0.99853515625
966,966,9,9,1,0.9775390625,0.9775390625
967,967,1,1,1,0.81884765625,0.81884765625
968,968,3,3,1,0.99365234375,0.99365234375
969,969,2,2,1,0.492919921875,0.492919921875
970,970,1,1,1,0.931640625,0.931640625
971,971,7,7,1,0.984375,0.984375
972,972,6,4,0,0.475830078125,0.047119140625
973,973,7,7,1,0.99951171875,0.99951171875
974,974,9,9,1,0.9501953125,0.9501953125
975,975,6,6,1,0.896484375,0.896484375
976,976,7,7,1,0.99853515625,0.99853515625
977,977,4,4,1,0.7646484375,0.7646484375
978,978,3,3,1,0.9775390625,0.9775390625
979,979,0,0,1,0.4921875,0.4921875
980,980,6,6,1,0.845703125,0.845703125
981,981,4,4,1,0.8427734375,0.8427734375
982,982,5,5,1,0.919921875,0.919921875
983,983,3,3,1,0.8203125,0.8203125
984,984,2,1,0,0.8857421875,0.0147705078125
985,985,2,1,0,0.9296875,0.01502227783203125
986,986,8,7,0,0.95361328125,0.0007915496826171875
987,987,9,9,1,0.98291015625,0.98291015625
988,988,8,8,1,0.8955078125,0.8955078125
989,989,8,7,0,0.685546875,0.285888671875
990,990,3,3,1,0.98486328125,0.98486328125
991,991,9,9,1,0.99462890625,0.99462890625
992,992,0,0,1,0.96826171875,0.96826171875
993,993,8,8,1,0.63916015625,0.63916015625
994,994,3,4,0,0.9462890625,0.0087127685546875
995,995,0,0,1,0.9794921875,0.9794921875
996,996,4,4,1,0.85595703125,0.85595703125
997,997,4,7,0,0.8740234375,0.11114501953125
998,998,7,7,1,0.9990234375,0.9990234375
999,999,0,9,0,0.6533203125,0.006404876708984375
1000,1000,5,5,1,0.99169921875,0.99169921875
1001,1001,3,3,1,1.0,1.0
1002,1002,1,1,1,0.97119140625,0.97119140625
1003,1003,1,1,1,0.9658203125,0.9658203125
1004,1004,5,5,1,0.5712890625,0.5712890625
1005,1005,4,7,0,0.94775390625,0.05023193359375
1006,1006,4,4,1,0.99951171875,0.99951171875
1007,1007,0,0,1,0.9970703125,0.9970703125
1008,1008,1,1,1,0.9658203125,0.9658203125
1009,1009,6,2,0,0.40185546875,0.1898193359375
1010,1010,2,5,0,0.43115234375,0.01045989990234375
1011,1011,0,0,1,0.58056640625,0.58056640625
1012,1012,4,4,1,0.99853515625,0.99853515625
1013,1013,2,1,0,0.76806640625,0.11065673828125
1014,1014,1,1,1,0.82763671875,0.82763671875
1015,1015,4,4,1,0.62646484375,0.62646484375
1016,1016,4,4,1,0.90625,0.90625
1017,1017,5,5,1,0.44140625,0.44140625
1018,1018,3,3,1,0.99609375,0.99609375
1019,1019,0,0,1,0.54736328125,0.54736328125
1020,1020,2,1,0,0.97998046875,0.0051422119140625
1021,1021,2,1,0,0.50390625,0.0183563232421875
1022,1022,2,1,0,0.8701171875,0.031707763671875
1023,1023,9,9,1,0.99951171875,0.99951171875
1024,1024,2,1,0,0.77392578125,0.0264739990234375
1025,1025,7,7,1,0.9990234375,0.9990234375
1026,1026,5,5,1,0.9873046875,0.9873046875
1027,1027,6,6,1,0.89892578125,0.89892578125
1028,1028,2,2,1,0.3955078125,0.3955078125
1029,1029,2,6,0,0.591796875,0.1749267578125
1030,1030,0,0,1,0.89599609375,0.89599609375
1031,1031,2,5,0,0.60595703125,0.2093505859375
1032,1032,0,9,0,0.9541015625,0.006427764892578125
1033,1033,8,5,0,0.54541015625,0.006656646728515625
1034,1034,2,1,0,0.5634765625,0.2349853515625
1035,1035,1,1,1,0.98974609375,0.98974609375
1036,1036,3,3,1,0.99462890625,0.99462890625
1037,1037,1,1,1,0.9951171875,0.9951171875
1038,1038,6,6,1,0.84521484375,0.84521484375
1039,1039,5,6,0,0.71240234375,0.1917724609375
1040,1040,5,5,1,0.91357421875,0.91357421875
1041,1041,0,0,1,0.67041015625,0.67041015625
1042,1042,8,8,1,0.78857421875,0.78857421875
1043,1043,9,9,1,0.98583984375,0.98583984375
1044,1044,9,9,1,0.94091796875,0.94091796875
1045,1045,8,0,0,0.50341796875,0.0036106109619140625
1046,1046,7,7,1,0.986328125,0.986328125
1047,1047,5,9,0,0.79833984375,0.00045561790466308594
1048,1048,8,6,0,0.73291015625,0.004497528076171875
1049,1049,8,8,1,0.74462890625,0.74462890625
1050,1050,7,7,1,0.99951171875,0.99951171875
1051,1051,5,5,1,0.9619140625,0.9619140625
1052,1052,6,6,1,0.919921875,0.919921875
1053,1053,4,4,1,0.9873046875,0.9873046875
1054,1054,4,4,1,0.53466796875,0.53466796875
1055,1055,2,1,0,0.49169921875,0.09381103515625
1056,1056,1,1,1,0.99951171875,0.99951171875
1057,1057,1,1,1,0.93212890625,0.93212890625
1058,1058,8,3,0,0.50244140625,0.20947265625
1059,1059,4,7,0,0.52978515625,0.4677734375
1060,1060,5,5,1,0.93896484375,0.93896484375
1061,1061,8,8,1,0.673828125,0.673828125
1062,1062,9,9,1,0.97265625,0.97265625
1063,1063,2,8,0,0.344970703125,0.034149169921875
1064,1064,2,1,0,0.7998046875,0.04803466796875
1065,1065,6,7,0,0.72265625,0.2498779296875
1066,1066,0,0,1,0.26123046875,0.26123046875
1067,1067,9,9,1,0.8994140625,0.8994140625
1068,1068,3,3,1,0.86083984375,0.86083984375
1069,1069,8,8,1,0.58935546875,0.58935546875
1070,1070,3,7,0,0.82861328125,0.0006666183471679688
1071,1071,2,2,1,0.64208984375,0.64208984375
1072,1072,7,7,1,0.99560546875,0.99560546875
1073,1073,9,9,1,0.93505859375,0.93505859375
1074,1074,8,6,0,0.36328125,0.265869140625
1075,1075,8,8,1,0.837890625,0.837890625
1076,1076,5,5,1,0.9716796875,0.9716796875
1077,1077,7,7,1,0.99462890625,0.99462890625
1078,1078,0,0,1,0.412841796875,0.412841796875
1079,1079,1,1,1,0.99169921875,0.99169921875
1080,1080,2,8,0,0.751953125,0.11529541015625
1081,1081,3,3,1,1.0,1.0
1082,1082,6,7,0,0.7099609375,0.153564453125
1083,1083,0,0,1,0.70263671875,0.70263671875
1084,1084,6,7,0,0.6279296875,0.112548828125
1085,1085,4,4,1,0.64306640625,0.64306640625
1086,1086,0,0,1,0.8603515625,0.8603515625
1087,1087,5,5,1,0.97216796875,0.97216796875
1088,1088,2,2,1,0.5380859375,0.5380859375
1089,1089,9,9,1,0.92333984375,0.92333984375
1090,1090,6,0,0,0.77734375,0.22265625
1091,1091,7,7,1,0.99755859375,0.99755859375
1092,1092,9,9,1,0.96728515625,0.96728515625
1093,1093,8,8,1,0.90087890625,0.90087890625
1094,1094,3,3,1,0.99560546875,0.99560546875
1095,1095,1,1,1,0.904296875,0.904296875
1096,1096,1,1,1,0.8623046875,0.8623046875
1097,1097,6,6,1,0.65576171875,0.65576171875
1098,1098,5,5,1,0.82177734375,0.82177734375
1099,1099,8,6,0,0.5849609375,0.215087890625
1100,1100,4,4,1,0.95751953125,0.95751953125
1101,1101,5,5,1,0.9130859375,0.9130859375
1102,1102,7,7,1,0.99951171875,0.99951171875
1103,1103,1,1,1,0.98193359375,0.98193359375
1104,1104,2,8,0,0.52880859375,0.0919189453125
1105,1105,9,9,1,0.92041015625,0.92041015625
1106,1106,5,5,1,0.95947265625,0.95947265625
1107,1107,1,1,1,0.98681640625,0.98681640625
1108,1108,8,7,0,0.8154296875,0.033660888671875
1109,1109,2,1,0,0.74560546875,0.02252197265625
1110,1110,6,6,1,0.8447265625,0.8447265625
1111,1111,6,6,1,0.794921875,0.794921875
1112,1112,3,4,0,0.814453125,0.05047607421875
1113,1113,3,3,1,0.99462890625,0.99462890625
1114,1114,0,1,0,0.425537109375,0.0787353515625
1115,1115,7,7,1,0.9921875,0.9921875
1116,1116,7,7,1,0.97119140625,0.97119140625
1117,1117,5,5,1,0.68212890625,0.68212890625
1118,1118,8,3,0,0.513671875,0.08929443359375
1119,1119,1,1,1,0.84130859375,0.84130859375
1120,1120,4,4,1,0.96142578125,0.96142578125
1121,1121,3,3,1,0.5771484375,0.5771484375
1122,1122,8,8,1,0.572265625,0.572265625
1123,1123,8,8,1,0.70751953125,0.70751953125
1124,1124,0,0,1,0.833984375,0.833984375
1125,1125,1,5,0,0.79931640625,0.0273590087890625
1126,1126,2,1,0,0.53955078125,0.1986083984375
1127,1127,2,1,0,0.6357421875,0.19384765625
1128,1128,1,1,1,0.98876953125,0.98876953125
1129,1129,8,8,1,0.72412109375,0.72412109375
1130,1130,0,0,1,0.416748046875,0.416748046875
1131,1131,8,1,0,0.45361328125,0.15673828125
1132,1132,5,5,1,0.8701171875,0.8701171875
1133,1133,1,1,1,0.99658203125,0.99658203125
1134,1134,4,7,0,0.70458984375,0.293701171875
1135,1135,5,5,1,0.96484375,0.96484375
1136,1136,8,8,1,0.9140625,0.9140625
1137,1137,6,7,0,0.44677734375,0.254638671875
1138,1138,5,5,1,0.9462890625,0.9462890625
1139,1139,4,4,1,0.87158203125,0.87158203125
1140,1140,7,7,1,0.99951171875,0.99951171875
1141,1141,2,2,1,0.397216796875,0.397216796875
1142,1142,0,6,0,0.36865234375,0.2783203125
1143,1143,8,6,0,0.448974609375,0.255859375
1144,1144,1,9,0,0.61767578125,0.37451171875
1145,1145,4,4,1,0.57861328125,0.57861328125
1146,1146,0,0,1,0.84423828125,0.84423828125
1147,1147,4,4,1,0.98876953125,0.98876953125
1148,1148,1,1,1,0.99462890625,0.99462890625
1149,1149,9,9,1,0.99560546875,0.99560546875
1150,1150,0,1,0,0.4541015625,0.07183837890625
1151,1151,3,3,1,0.6376953125,0.6376953125
1152,1152,6,6,1,0.80419921875,0.80419921875
1153,1153,0,0,1,0.92578125,0.92578125
1154,1154,0,0,1,0.5380859375,0.5380859375
1155,1155,4,4,1,0.81982421875,0.81982421875
1156,1156,0,0,1,0.83056640625,0.83056640625
1157,1157,9,9,1,0.91650390625,0.91650390625
1158,1158,7,7,1,0.99658203125,0.99658203125
1159,1159,4,4,1,0.6650390625,0.6650390625
1160,1160,9,9,1,0.94775390625,0.94775390625
1161,1161,2,7,0,0.80615234375,0.004795074462890625
1162,1162,0,0,1,0.8544921875,0.8544921875
1163,1163,4,4,1,0.97021484375,0.97021484375
1164,1164,1,1,1,0.99365234375,0.99365234375
1165,1165,7,7,1,0.98828125,0.98828125
1166,1166,3,3,1,0.9970703125,0.9970703125
1167,1167,0,0,1,0.486083984375,0.486083984375
1168,1168,8,8,1,0.7021484375,0.7021484375
1169,1169,1,1,1,0.98828125,0.98828125
1170,1170,4,4,1,0.99853515625,0.99853515625
1171,1171,9,9,1,0.89990234375,0.89990234375
1172,1172,5,5,1,0.6484375,0.6484375
1173,1173,4,4,1,0.787109375,0.787109375
1174,1174,0,1,0,0.51025390625,0.044586181640625
1175,1175,9,9,1,0.9267578125,0.9267578125
1176,1176,3,7,0,0.8525390625,0.05450439453125
1177,1177,1,1,1,0.99462890625,0.99462890625
1178,1178,6,3,0,0.475830078125,0.1363525390625
1179,1179,4,4,1,0.9970703125,0.9970703125
1180,1180,0,9,0,0.470947265625,0.01294708251953125
1181,1181,9,9,1,0.95068359375,0.95068359375
1182,1182,5,5,1,0.8896484375,0.8896484375
1183,1183,3,7,0,0.91357421875,0.0019989013671875
1184,1184,8,7,0,0.88330078125,2.1457672119140625e-05
1185,1185,7,7,1,0.9873046875,0.9873046875
1186,1186,7,7,1,0.99462890625,0.99462890625
1187,1187,9,9,1,0.99609375,0.99609375
1188,1188,8,8,1,0.59912109375,0.59912109375
1189,1189,9,9,1,1.0,1.0
1190,1190,5,5,1,0.92626953125,0.92626953125
1191,1191,1,1,1,0.884765625,0.884765625
1192,1192,1,1,1,0.74755859375,0.74755859375
1193,1193,1,1,1,0.5498046875,0.5498046875
1194,1194,0,0,1,0.9619140625,0.9619140625
1195,1195,7,7,1,0.95751953125,0.95751953125
1196,1196,9,9,1,0.98486328125,0.98486328125
1197,1197,5,5,1,0.81396484375,0.81396484375
1198,1198,7,7,1,0.99951171875,0.99951171875
1199,1199,1,1,1,0.96240234375,0.96240234375
1200,1200,9,9,1,0.99853515625,0.99853515625
1201,1201,0,1,0,0.4482421875,0.0345458984375
1202,1202,0,6,0,0.5908203125,0.336669921875
1203,1203,9,9,1,0.97705078125,0.97705078125
1204,1204,9,9,1,0.998046875,0.998046875
1205,1205,7,7,1,0.9951171875,0.9951171875
1206,1206,5,1,0,0.62255859375,0.221923828125
1207,1207,9,9,1,0.98974609375,0.98974609375
1208,1208,4,4,1,0.85107421875,0.85107421875
1209,1209,4,4,1,0.97216796875,0.97216796875
1210,1210,8,8,1,0.75634765625,0.75634765625
1211,1211,8,7,0,0.72412109375,0.00856781005859375
1212,1212,3,3,1,0.93359375,0.93359375
1213,1213,7,7,1,0.998046875,0.998046875
1214,1214,2,2,1,0.5751953125,0.5751953125
1215,1215,7,7,1,0.98681640625,0.98681640625
1216,1216,8,8,1,0.6787109375,0.6787109375
1217,1217,6,6,1,0.873046875,0.873046875
1218,1218,9,9,1,0.9677734375,0.9677734375
1219,1219,9,9,1,0.99951171875,0.99951171875
1220,1220,6,0,0,0.60302734375,0.32275390625
1221,1221,0,0,1,0.203857421875,0.203857421875
1222,1222,8,8,1,0.759765625,0.759765625
1223,1223,9,9,1,0.80859375,0.80859375
1224,1224,2,2,1,0.734375,0.734375
1225,1225,4,7,0,0.72998046875,0.2685546875
1226,1226,0,9,0,0.94921875,0.0005249977111816406
1227,1227,6,0,0,0.8486328125,0.1474609375
1228,1228,1,1,1,0.99755859375,0.99755859375
1229,1229,1,1,1,0.93896484375,0.93896484375
1230,1230,4,4,1,0.70556640625,0.70556640625
1231,1231,7,7,1,0.9990234375,0.9990234375
1232,1232,2,2,1,0.3603515625,0.3603515625
1233,1233,8,8,1,0.91259765625,0.91259765625
1234,1234,8,8,1,0.7138671875,0.7138671875
1235,1235,5,1,0,0.5615234375,0.014495849609375
1236,1236,7,7,1,0.9951171875,0.9951171875
1237,1237,8,1,0,0.3681640625,0.148681640625
1238,1238,2,8,0,0.36865234375,0.11968994140625
1239,1239,0,0,1,0.92919921875,0.92919921875
1240,1240,8,4,0,0.4404296875,0.2432861328125
1241,1241,3,3,1,0.55078125,0.55078125
1242,1242,3,3,1,0.99462890625,0.99462890625
1243,1243,2,1,0,0.7724609375,0.142822265625
1244,1244,2,8,0,0.53759765625,0.0222015380859375
1245,1245,8,8,1,0.859375,0.859375
1246,1246,6,2,0,0.340576171875,0.151123046875
1247,1247,8,4,0,0.8037109375,0.00421905517578125
1248,1248,7,7,1,0.99365234375,0.99365234375
1249,1249,4,4,1,0.994140625,0.994140625
1250,1250,3,3,1,0.85205078125,0.85205078125
1251,1251,3,3,1,1.0,1.0
1252,1252,4,4,1,1.0,1.0
1253,1253,7,7,1,0.98681640625,0.98681640625
1254,1254,3,3,1,0.9794921875,0.9794921875
1255,1255,0,0,1,0.9033203125,0.9033203125
1256,1256,5,5,1,0.66162109375,0.66162109375
1257,1257,1,1,1,0.94287109375,0.94287109375
1258,1258,0,9,0,0.86962890625,0.0040283203125
1259,1259,4,4,1,0.9921875,0.9921875
1260,1260,1,1,1,0.6044921875,0.6044921875
1261,1261,0,0,1,0.81298828125,0.81298828125
1262,1262,5,5,1,0.99658203125,0.99658203125
1263,1263,5,5,1,0.91796875,0.91796875
1264,1264,5,5,1,0.9033203125,0.9033203125
1265,1265,9,9,1,0.98583984375,0.98583984375
1266,1266,0,0,1,0.9716796875,0.9716796875
1267,1267,0,6,0,0.51318359375,0.311279296875
1268,1268,3,3,1,0.99853515625,0.99853515625
1269,1269,6,7,0,0.67431640625,0.0504150390625
1270,1270,3,3,1,0.482177734375,0.482177734375
1271,1271,8,3,0,0.9560546875,0.0186309814453125
1272,1272,1,1,1,0.99462890625,0.99462890625
1273,1273,5,5,1,0.96923828125,0.96923828125
1274,1274,1,1,1,0.9990234375,0.9990234375
1275,1275,0,9,0,0.97119140625,7.271766662597656e-05
1276,1276,7,7,1,1.0,1.0
1277,1277,5,1,0,0.72509765625,0.1112060546875
1278,1278,8,8,1,0.93310546875,0.93310546875
1279,1279,1,1,1,0.8662109375,0.8662109375
1280,1280,4,4,1,0.95947265625,0.95947265625
1281,1281,8,5,0,0.78466796875,0.02685546875
1282,1282,3,3,1,0.9794921875,0.9794921875
1283,1283,1,9,0,0.57568359375,0.408203125
1284,1284,0,0,1,0.97802734375,0.97802734375
1285,1285,6,6,1,0.921875,0.921875
1286,1286,3,3,1,0.63330078125,0.63330078125
1287,1287,2,1,0,0.91552734375,0.05499267578125
1288,1288,8,8,1,0.9951171875,0.9951171875
1289,1289,9,9,1,0.8134765625,0.8134765625
1290,1290,5,1,0,0.57861328125,0.01541900634765625
1291,1291,0,0,1,0.849609375,0.849609375
1292,1292,3,3,1,0.9736328125,0.9736328125
1293,1293,5,5,1,0.98974609375,0.98974609375
1294,1294,9,9,1,0.97265625,0.97265625
1295,1295,5,5,1,0.64990234375,0.64990234375
1296,1296,0,0,1,0.9599609375,0.9599609375
1297,1297,0,0,1,0.74267578125,0.74267578125
1298,1298,9,9,1,0.9873046875,0.9873046875
1299,1299,6,6,1,0.81396484375,0.81396484375
1300,1300,7,7,1,0.9970703125,0.9970703125
1301,1301,3,7,0,0.81005859375,0.124267578125
1302,1302,2,1,0,0.7373046875,0.2393798828125
1303,1303,4,4,1,0.8154296875,0.8154296875
1304,1304,3,3,1,0.82421875,0.82421875
1305,1305,4,4,1,0.96630859375,0.96630859375
1306,1306,0,0,1,0.525390625,0.525390625
1307,1307,6,2,0,0.342529296875,0.1668701171875
1308,1308,9,9,1,0.9560546875,0.9560546875
1309,1309,5,5,1,0.96240234375,0.96240234375
1310,1310,8,8,1,0.9560546875,0.9560546875
1311,1311,0,0,1,0.65185546875,0.65185546875
1312,1312,8,8,1,0.92626953125,0.92626953125
1313,1313,9,1,0,0.8369140625,0.1500244140625
1314,1314,1,1,1,0.97705078125,0.97705078125
1315,1315,8,5,0,0.458984375,0.042694091796875
1316,1316,1,1,1,0.9521484375,0.9521484375
1317,1317,5,5,1,0.828125,0.828125
1318,1318,0,0,1,0.466552734375,0.466552734375
1319,1319,8,1,0,0.4228515625,0.1817626953125
1320,1320,3,3,1,0.9267578125,0.9267578125
1321,1321,8,8,1,0.724609375,0.724609375
1322,1322,3,3,1,0.8330078125,0.8330078125
1323,1323,2,6,0,0.65771484375,0.09185791015625
1324,1324,5,5,1,0.85595703125,0.85595703125
1325,1325,6,3,0,0.494140625,0.0972900390625
1326,1326,4,4,1,0.91943359375,0.91943359375
1327,1327,6,7,0,0.77880859375,0.043914794921875
1328,1328,2,6,0,0.4912109375,0.01904296875
1329,1329,3,7,0,0.90283203125,0.007568359375
1330,1330,9,9,1,0.94140625,0.94140625
1331,1331,7,7,1,0.998046875,0.998046875
1332,1332,9,9,1,0.962890625,0.962890625
1333,1333,6,6,1,0.9833984375,0.9833984375
1334,1334,6,6,1,0.60986328125,0.60986328125
1335,1335,3,7,0,0.57763671875,0.19970703125
1336,1336,4,4,1,0.99951171875,0.99951171875
1337,1337,9,9,1,0.7705078125,0.7705078125
1338,1338,8,4,0,0.884765625,0.006755828857421875
1339,1339,1,1,1,0.98828125,0.98828125
1340,1340,6,6,1,0.90234375,0.90234375
1341,1341,2,5,0,0.72265625,0.05572509765625
1342,1342,8,8,1,0.998046875,0.998046875
1343,1343,2,2,1,0.66748046875,0.66748046875
1344,1344,1,1,1,0.99169921875,0.99169921875
1345,1345,3,3,1,0.97265625,0.97265625
1346,1346,9,9,1,0.908203125,0.908203125
1347,1347,7,7,1,0.99951171875,0.99951171875
1348,1348,7,7,1,0.99951171875,0.99951171875
1349,1349,6,6,1,0.86865234375,0.86865234375
1350,1350,7,7,1,0.998046875,0.998046875
1351,1351,6,6,1,0.91748046875,0.91748046875
1352,1352,5,5,1,0.9248046875,0.9248046875
1353,1353,0,0,1,0.37158203125,0.37158203125
1354,1354,2,1,0,0.9453125,0.005279541015625
1355,1355,0,0,1,0.88525390625,0.88525390625
1356,1356,4,7,0,0.87255859375,0.125732421875
1357,1357,1,1,1,0.48583984375,0.48583984375
1358,1358,0,1,0,0.66845703125,0.04998779296875
1359,1359,8,8,1,0.99951171875,0.99951171875
1360,1360,5,5,1,0.9287109375,0.9287109375
1361,1361,4,4,1,0.859375,0.859375
1362,1362,7,7,1,0.9931640625,0.9931640625
1363,1363,1,1,1,0.998046875,0.998046875
1364,1364,1,9,0,0.53515625,0.4580078125
1365,1365,0,1,0,0.28515625,0.2291259765625
1366,1366,1,1,1,0.962890625,0.962890625
1367,1367,2,6,0,0.296142578125,0.1854248046875
1368,1368,1,1,1,0.94677734375,0.94677734375
1369,1369,9,9,1,0.96728515625,0.96728515625
1370,1370,9,9,1,0.9970703125,0.9970703125
1371,1371,7,7,1,0.99560546875,0.99560546875
1372,1372,5,5,1,0.76318359375,0.76318359375
1373,1373,9,9,1,0.96728515625,0.96728515625
1374,1374,1,1,1,0.998046875,0.998046875
1375,1375,2,1,0,0.94921875,0.00847625732421875
1376,1376,9,9,1,0.93310546875,0.93310546875
1377,1377,2,1,0,0.97607421875,0.01229095458984375
1378,1378,1,1,1,0.9931640625,0.9931640625
1379,1379,0,6,0,0.5830078125,0.322021484375
1380,1380,1,1,1,0.76806640625,0.76806640625
1381,1381,9,9,1,0.98486328125,0.98486328125
1382,1382,3,3,1,0.45556640625,0.45556640625
1383,1383,3,4,0,0.7822265625,0.000713348388671875
1384,1384,5,5,1,0.9873046875,0.9873046875
1385,1385,7,7,1,0.99853515625,0.99853515625
1386,1386,0,3,0,0.99267578125,0.00020205974578857422
1387,1387,9,9,1,0.994140625,0.994140625
1388,1388,0,0,1,0.84912109375,0.84912109375
1389,1389,6,3,0,0.98095703125,0.0102386474609375
1390,1390,0,0,1,0.490234375,0.490234375
1391,1391,2,1,0,0.98193359375,0.006214141845703125
1392,1392,6,6,1,0.90771484375,0.90771484375
1393,1393,1,9,0,0.51123046875,0.480224609375
1394,1394,1,1,1,0.96337890625,0.96337890625
1395,1395,6,2,0,0.98828125,0.001087188720703125
1396,1396,5,5,1,0.98193359375,0.98193359375
1397,1397,2,1,0,0.266357421875,0.250244140625
1398,1398,8,5,0,0.8408203125,0.04742431640625
1399,1399,5,5,1,0.95654296875,0.95654296875
1400,1400,1,1,1,0.98876953125,0.98876953125
1401,1401,9,9,1,0.994140625,0.994140625
1402,1402,4,4,1,0.9150390625,0.9150390625
1403,1403,9,9,1,0.99853515625,0.99853515625
1404,1404,2,1,0,0.9052734375,0.041015625
1405,1405,2,1,0,0.91552734375,0.003513336181640625
1406,1406,2,1,0,0.70947265625,0.11578369140625
1407,1407,1,1,1,0.99853515625,0.99853515625
1408,1408,9,9,1,0.95849609375,0.95849609375
1409,1409,9,9,1,0.9052734375,0.9052734375
1410,1410,1,1,1,0.73681640625,0.73681640625
1411,1411,4,7,0,0.66455078125,0.334228515625
1412,1412,2,1,0,0.955078125,0.00997161865234375
1413,1413,7,7,1,0.9990234375,0.9990234375
1414,1414,6,2,0,0.654296875,0.07342529296875
1415,1415,5,5,1,0.97802734375,0.97802734375
1416,1416,7,7,1,0.99755859375,0.99755859375
1417,1417,2,1,0,0.9951171875,0.0009074211120605469
1418,1418,6,6,1,0.69189453125,0.69189453125
1419,1419,6,6,1,0.85107421875,0.85107421875
1420,1420,4,7,0,0.6513671875,0.3486328125
1421,1421,0,0,1,0.77685546875,0.77685546875
1422,1422,2,6,0,0.38232421875,0.0853271484375
1423,1423,9,9,1,0.97021484375,0.97021484375
1424,1424,2,1,0,0.7578125,0.109130859375
1425,1425,2,1,0,0.87939453125,0.01255035400390625
1426,1426,9,9,1,0.90869140625,0.90869140625
1427,1427,2,5,0,0.7314453125,0.0089263916015625
1428,1428,3,3,1,0.9990234375,0.9990234375
1429,1429,1,1,1,0.8115234375,0.8115234375
1430,1430,8,8,1,0.74462890625,0.74462890625
1431,1431,3,4,0,0.5419921875,0.004138946533203125
1432,1432,8,7,0,0.78173828125,0.028472900390625
1433,1433,9,9,1,0.93212890625,0.93212890625
1434,1434,0,1,0,0.454833984375,0.07427978515625
1435,1435,3,3,1,0.57958984375,0.57958984375
1436,1436,9,9,1,0.78466796875,0.78466796875
1437,1437,9,9,1,0.716796875,0.716796875
1438,1438,8,5,0,0.5888671875,0.0189361572265625
1439,1439,6,6,1,0.79541015625,0.79541015625
1440,1440,3,3,1,0.9345703125,0.9345703125
1441,1441,7,7,1,0.99951171875,0.99951171875
1442,1442,1,1,1,0.99853515625,0.99853515625
1443,1443,7,7,1,0.76611328125,0.76611328125
1444,1444,8,4,0,0.529296875,0.321044921875
1445,1445,1,1,1,0.99951171875,0.99951171875
1446,1446,8,8,1,0.91650390625,0.91650390625
1447,1447,6,6,1,0.6689453125,0.6689453125
1448,1448,4,4,1,0.65087890625,0.65087890625
1449,1449,8,5,0,0.89794921875,0.01280975341796875
1450,1450,5,5,1,0.90771484375,0.90771484375
1451,1451,4,7,0,0.66455078125,0.333984375
1452,1452,7,1,0,0.60302734375,0.0635986328125
1453,1453,5,0,0,0.359619140625,0.280029296875
1454,1454,9,9,1,0.93359375,0.93359375
1455,1455,7,7,1,0.986328125,0.986328125
1456,1456,3,3,1,0.4736328125,0.4736328125
1457,1457,2,1,0,0.9296875,0.0263824462890625
1458,1458,1,1,1,0.90283203125,0.90283203125
1459,1459,8,8,1,0.9853515625,0.9853515625
1460,1460,4,4,1,0.98779296875,0.98779296875
1461,1461,5,5,1,0.97314453125,0.97314453125
1462,1462,5,1,0,0.92919921875,0.00022101402282714844
1463,1463,0,5,0,0.237548828125,0.230224609375
1464,1464,8,5,0,0.4677734375,0.00756072998046875
1465,1465,0,0,1,0.44970703125,0.44970703125
1466,1466,0,6,0,0.70654296875,0.276611328125
1467,1467,4,4,1,0.99609375,0.99609375
1468,1468,0,2,0,0.69189453125,0.231689453125
1469,1469,6,6,1,0.81396484375,0.81396484375
1470,1470,0,0,1,0.67236328125,0.67236328125
1471,1471,3,6,0,0.6552734375,0.0050048828125
1472,1472,6,6,1,0.896484375,0.896484375
1473,1473,7,7,1,0.99169921875,0.99169921875
1474,1474,7,7,1,0.986328125,0.986328125
1475,1475,9,9,1,0.865234375,0.865234375
1476,1476,3,3,1,0.99169921875,0.99169921875
1477,1477,0,2,0,0.44970703125,0.22607421875
1478,1478,8,8,1,0.99853515625,0.99853515625
1479,1479,7,7,1,0.99365234375,0.99365234375
1480,1480,8,4,0,0.703125,0.1221923828125
1481,1481,6,6,1,0.89794921875,0.89794921875
1482,1482,9,9,1,0.7412109375,0.7412109375
1483,1483,9,9,1,0.94775390625,0.94775390625
1484,1484,9,1,0,0.6171875,0.282470703125
1485,1485,1,1,1,0.92724609375,0.92724609375
1486,1486,5,5,1,0.97607421875,0.97607421875
1487,1487,3,3,1,0.978515625,0.978515625
1488,1488,8,0,0,0.443115234375,0.01380157470703125
1489,1489,1,1,1,0.97900390625,0.97900390625
1490,1490,3,4,0,0.88818359375,0.0021343231201171875
1491,1491,5,5,1,0.89892578125,0.89892578125
1492,1492,0,6,0,0.57958984375,0.273681640625
1493,1493,8,8,1,0.966796875,0.966796875
1494,1494,2,1,0,0.9638671875,0.001201629638671875
1495,1495,2,2,1,0.81787109375,0.81787109375
1496,1496,3,3,1,0.438232421875,0.438232421875
1497,1497,9,9,1,0.99951171875,0.99951171875
1498,1498,0,1,0,0.67822265625,0.1561279296875
1499,1499,1,1,1,0.97509765625,0.97509765625
1500,1500,9,9,1,0.8623046875,0.8623046875
1501,1501,8,8,1,0.98974609375,0.98974609375
1502,1502,8,8,1,0.75830078125,0.75830078125
1503,1503,7,7,1,0.9970703125,0.9970703125
1504,1504,2,6,0,0.473876953125,0.005603790283203125
1505,1505,2,2,1,0.685546875,0.685546875
1506,1506,0,9,0,0.5576171875,0.1455078125
1507,1507,5,5,1,0.64990234375,0.64990234375
1508,1508,7,7,1,0.9921875,0.9921875
1509,1509,6,6,1,0.779296875,0.779296875
1510,1510,1,1,1,0.99365234375,0.99365234375
1511,1511,2,1,0,0.51123046875,0.213134765625
1512,1512,4,4,1,0.935546875,0.935546875
1513,1513,1,1,1,0.9990234375,0.9990234375
1514,1514,3,0,0,0.36279296875,0.29150390625
1515,1515,8,8,1,0.84521484375,0.84521484375
1516,1516,3,6,0,0.421875,0.187255859375
1517,1517,6,6,1,0.93994140625,0.93994140625
1518,1518,2,1,0,0.74951171875,0.0697021484375
1519,1519,6,2,0,0.6376953125,0.076171875
1520,1520,0,0,1,0.505859375,0.505859375
1521,1521,2,2,1,0.94775390625,0.94775390625
1522,1522,1,1,1,0.99853515625,0.99853515625
1523,1523,3,3,1,0.50146484375,0.50146484375
1524,1524,3,3,1,0.93310546875,0.93310546875
1525,1525,7,7,1,0.99951171875,0.99951171875
1526,1526,1,1,1,0.99951171875,0.99951171875
1527,1527,2,2,1,0.456787109375,0.456787109375
1528,1528,8,8,1,0.73583984375,0.73583984375
1529,1529,3,3,1,0.98681640625,0.98681640625
1530,1530,8,6,0,0.68115234375,0.00971221923828125
1531,1531,9,9,1,0.990234375,0.990234375
1532,1532,6,6,1,0.75,0.75
1533,1533,0,0,1,0.5927734375,0.5927734375
1534,1534,9,9,1,0.810546875,0.810546875
1535,1535,7,7,1,0.998046875,0.998046875
1536,1536,6,6,1,0.9677734375,0.9677734375
1537,1537,1,1,1,0.9931640625,0.9931640625
1538,1538,7,7,1,0.99462890625,0.99462890625
1539,1539,2,1,0,0.9267578125,0.00048160552978515625
1540,1540,7,7,1,0.93359375,0.93359375
1541,1541,5,5,1,0.8662109375,0.8662109375
1542,1542,2,3,0,0.931640625,0.0008492469787597656
1543,1543,4,4,1,0.71826171875,0.71826171875
1544,1544,0,0,1,0.978515625,0.978515625
1545,1545,2,1,0,0.83837890625,0.11346435546875
1546,1546,8,8,1,0.93603515625,0.93603515625
1547,1547,3,3,1,1.0,1.0
1548,1548,4,4,1,1.0,1.0
1549,1549,6,6,1,0.9189453125,0.9189453125
1550,1550,0,0,1,0.7919921875,0.7919921875
1551,1551,5,5,1,0.91748046875,0.91748046875
1552,1552,7,7,1,0.98681640625,0.98681640625
1553,1553,9,9,1,0.92529296875,0.92529296875
1554,1554,6,2,0,0.86376953125,0.0237579345703125
1555,1555,6,1,0,0.92822265625,0.0082855224609375
1556,1556,5,5,1,0.75927734375,0.75927734375
1557,1557,0,1,0,0.444580078125,0.153564453125
1558,1558,7,7,1,0.9560546875,0.9560546875
1559,1559,0,9,0,0.6005859375,0.073974609375
1560,1560,3,3,1,0.92822265625,0.92822265625
1561,1561,8,5,0,0.64990234375,0.2318115234375
1562,1562,7,7,1,0.98876953125,0.98876953125
1563,1563,7,7,1,0.98828125,0.98828125
1564,1564,1,1,1,0.9482421875,0.9482421875
1565,1565,7,7,1,0.9990234375,0.9990234375
1566,1566,5,1,0,0.46484375,0.281982421875
1567,1567,7,7,1,0.99658203125,0.99658203125
1568,1568,4,4,1,0.77685546875,0.77685546875
1569,1569,5,5,1,0.96826171875,0.96826171875
1570,1570,6,2,0,0.84765625,0.024810791015625
1571,1571,6,6,1,0.79443359375,0.79443359375
1572,1572,1,1,1,0.98779296875,0.98779296875
1573,1573,6,0,0,0.77490234375,0.2220458984375
1574,1574,4,4,1,0.499755859375,0.499755859375
1575,1575,0,0,1,0.69482421875,0.69482421875
1576,1576,9,9,1,0.9931640625,0.9931640625
1577,1577,5,5,1,0.96240234375,0.96240234375
1578,1578,4,4,1,0.9599609375,0.9599609375
1579,1579,3,5,0,0.51220703125,0.07855224609375
1580,1580,0,6,0,0.4521484375,0.375
1581,1581,5,5,1,0.83740234375,0.83740234375
1582,1582,8,8,1,0.9443359375,0.9443359375
1583,1583,9,9,1,0.8291015625,0.8291015625
1584,1584,9,9,1,0.79541015625,0.79541015625
1585,1585,5,5,1,0.93017578125,0.93017578125
1586,1586,0,9,0,0.8291015625,0.049774169921875
1587,1587,8,8,1,0.9990234375,0.9990234375
1588,1588,5,5,1,0.875,0.875
1589,1589,4,4,1,0.8173828125,0.8173828125
1590,1590,8,8,1,0.99951171875,0.99951171875
1591,1591,7,7,1,0.97412109375,0.97412109375
1592,1592,6,6,1,0.7421875,0.7421875
1593,1593,3,5,0,0.7666015625,0.1175537109375
1594,1594,4,7,0,0.5302734375,0.468017578125
1595,1595,6,6,1,0.9169921875,0.9169921875
1596,1596,3,3,1,0.9775390625,0.9775390625
1597,1597,9,9,1,0.98876953125,0.98876953125
1598,1598,4,4,1,0.9609375,0.9609375
1599,1599,2,2,1,0.7685546875,0.7685546875
1600,1600,4,4,1,0.67822265625,0.67822265625
1601,1601,5,5,1,0.463623046875,0.463623046875
1602,1602,0,2,0,0.9140625,0.031280517578125
1603,1603,5,5,1,0.970703125,0.970703125
1604,1604,2,1,0,0.978515625,0.0037555694580078125
1605,1605,8,8,1,0.9296875,0.9296875
1606,1606,6,2,0,0.77001953125,0.14697265625
1607,1607,9,9,1,0.98388671875,0.98388671875
1608,1608,7,7,1,0.9970703125,0.9970703125
1609,1609,7,7,1,0.99755859375,0.99755859375
1610,1610,0,0,1,0.63330078125,0.63330078125
1611,1611,7,7,1,0.94921875,0.94921875
1612,1612,2,1,0,0.71337890625,0.087890625
1613,1613,4,4,1,0.74853515625,0.74853515625
1614,1614,2,6,0,0.4296875,0.41650390625
1615,1615,6,7,0,0.88134765625,0.0845947265625
1616,1616,7,7,1,0.97119140625,0.97119140625
1617,1617,4,4,1,0.9423828125,0.9423828125
1618,1618,2,1,0,0.52978515625,0.1427001953125
1619,1619,8,4,0,0.62353515625,0.2293701171875
1620,1620,0,0,1,0.92236328125,0.92236328125
1621,1621,2,5,0,0.30029296875,0.08599853515625
1622,1622,1,1,1,0.8349609375,0.8349609375
1623,1623,9,9,1,0.97509765625,0.97509765625
1624,1624,4,4,1,0.99853515625,0.99853515625
1625,1625,8,8,1,0.97314453125,0.97314453125
1626,1626,7,7,1,0.9951171875,0.9951171875
1627,1627,0,0,1,0.658203125,0.658203125
1628,1628,7,7,1,0.99072265625,0.99072265625
1629,1629,8,8,1,0.58935546875,0.58935546875
1630,1630,9,9,1,0.80029296875,0.80029296875
1631,1631,9,9,1,0.958984375,0.958984375
1632,1632,2,1,0,0.91455078125,0.0389404296875
1633,1633,3,3,1,0.99951171875,0.99951171875
1634,1634,2,5,0,0.90380859375,0.0009946823120117188
1635,1635,8,8,1,0.85546875,0.85546875
1636,1636,9,9,1,0.84326171875,0.84326171875
1637,1637,9,9,1,0.982421875,0.982421875
1638,1638,2,7,0,0.284423828125,0.18359375
1639,1639,2,2,1,0.57470703125,0.57470703125
1640,1640,1,1,1,0.99951171875,0.99951171875
1641,1641,4,4,1,0.7431640625,0.7431640625
1642,1642,8,8,1,0.9716796875,0.9716796875
1643,1643,3,5,0,0.87060546875,0.004291534423828125
1644,1644,8,7,0,0.3876953125,0.003570556640625
1645,1645,6,2,0,0.53955078125,0.056854248046875
1646,1646,1,1,1,0.99560546875,0.99560546875
1647,1647,9,9,1,0.79541015625,0.79541015625
1648,1648,4,4,1,0.96240234375,0.96240234375
1649,1649,1,1,1,0.9990234375,0.9990234375
1650,1650,3,3,1,0.453857421875,0.453857421875
1651,1651,9,9,1,0.9287109375,0.9287109375
1652,1652,9,9,1,0.99755859375,0.99755859375
1653,1653,9,9,1,0.802734375,0.802734375
1654,1654,0,2,0,0.44384765625,0.0183258056640625
1655,1655,3,3,1,0.99658203125,0.99658203125
1656,1656,5,6,0,0.3505859375,0.04058837890625
1657,1657,7,7,1,0.98681640625,0.98681640625
1658,1658,0,0,1,0.71240234375,0.71240234375
1659,1659,4,4,1,0.97998046875,0.97998046875
1660,1660,6,6,1,0.888671875,0.888671875
1661,1661,1,1,1,0.99951171875,0.99951171875
1662,1662,3,7,0,0.49072265625,0.43310546875
1663,1663,2,2,1,0.89501953125,0.89501953125
1664,1664,8,1,0,0.7412109375,0.2122802734375
1665,1665,1,1,1,1.0,1.0
1666,1666,1,5,0,0.896484375,0.039398193359375
1667,1667,6,6,1,0.9091796875,0.9091796875
1668,1668,9,9,1,0.8896484375,0.8896484375
1669,1669,4,4,1,0.99609375,0.99609375
1670,1670,4,7,0,0.88037109375,0.119140625
1671,1671,7,7,1,0.99853515625,0.99853515625
1672,1672,4,4,1,0.68359375,0.68359375
1673,1673,0,0,1,0.744140625,0.744140625
1674,1674,0,9,0,0.91015625,0.007396697998046875
1675,1675,2,2,1,0.3505859375,0.3505859375
1676,1676,5,5,1,0.9130859375,0.9130859375
1677,1677,4,4,1,0.5302734375,0.5302734375
1678,1678,6,6,1,0.80078125,0.80078125
1679,1679,0,0,1,0.70751953125,0.70751953125
1680,1680,2,1,0,0.97509765625,0.0101776123046875
1681,1681,1,1,1,0.99169921875,0.99169921875
1682,1682,1,1,1,0.89794921875,0.89794921875
1683,1683,8,8,1,0.8984375,0.8984375
1684,1684,0,8,0,0.385986328125,0.351318359375
1685,1685,8,8,1,0.955078125,0.955078125
1686,1686,7,7,1,1.0,1.0
1687,1687,4,4,1,0.99755859375,0.99755859375
1688,1688,6,7,0,0.78466796875,0.1806640625
1689,1689,4,4,1,0.99755859375,0.99755859375
1690,1690,1,1,1,0.994140625,0.994140625
1691,1691,7,7,1,0.99853515625,0.99853515625
1692,1692,9,9,1,0.9267578125,0.9267578125
1693,1693,1,1,1,0.86962890625,0.86962890625
1694,1694,8,8,1,0.9296875,0.9296875
1695,1695,5,5,1,0.97802734375,0.97802734375
1696,1696,0,0,1,0.86083984375,0.86083984375
1697,1697,6,2,0,0.226806640625,0.10711669921875
1698,1698,6,6,1,0.7626953125,0.7626953125
1699,1699,1,1,1,1.0,1.0
1700,1700,7,7,1,0.99072265625,0.99072265625
1701,1701,6,6,1,0.912109375,0.912109375
1702,1702,1,1,1,0.69921875,0.69921875
1703,1703,3,3,1,0.99755859375,0.99755859375
1704,1704,7,7,1,0.9931640625,0.9931640625
1705,1705,2,1,0,0.67333984375,0.0168609619140625
1706,1706,4,4,1,0.97705078125,0.97705078125
1707,1707,5,1,0,0.978515625,0.0102081298828125
1708,1708,1,1,1,0.9990234375,0.9990234375
1709,1709,0,0,1,0.8330078125,0.8330078125
1710,1710,4,4,1,0.9970703125,0.9970703125
1711,1711,0,0,1,0.833984375,0.833984375
1712,1712,5,6,0,0.50439453125,0.4453125
1713,1713,9,9,1,0.974609375,0.974609375
1714,1714,9,9,1,0.98974609375,0.98974609375
1715,1715,1,1,1,0.98095703125,0.98095703125
1716,1716,3,0,0,0.5712890625,0.07733154296875
1717,1717,0,9,0,0.7607421875,0.01629638671875
1718,1718,5,1,0,0.66552734375,0.19677734375
1719,1719,8,8,1,0.89599609375,0.89599609375
1720,1720,0,0,1,0.83544921875,0.83544921875
1721,1721,7,7,1,0.9951171875,0.9951171875
1722,1722,5,1,0,0.72021484375,0.206298828125
1723,1723,2,2,1,0.59912109375,0.59912109375
1724,1724,3,2,0,0.5380859375,0.034393310546875
1725,1725,2,2,1,0.60791015625,0.60791015625
1726,1726,8,5,0,0.7724609375,0.0004839897155761719
1727,1727,7,7,1,0.9951171875,0.9951171875
1728,1728,6,0,0,0.4345703125,0.4345703125
1729,1729,2,1,0,0.39306640625,0.0167388916015625
1730,1730,2,1,0,0.990234375,0.0068817138671875
1731,1731,1,1,1,0.9990234375,0.9990234375
1732,1732,4,4,1,0.9775390625,0.9775390625
1733,1733,2,2,1,0.35302734375,0.35302734375
1734,1734,4,7,0,0.607421875,0.39208984375
1735,1735,6,6,1,0.69091796875,0.69091796875
1736,1736,9,9,1,0.837890625,0.837890625
1737,1737,8,4,0,0.69921875,0.04071044921875
1738,1738,7,7,1,0.99853515625,0.99853515625
1739,1739,4,4,1,1.0,1.0
1740,1740,1,1,1,0.99951171875,0.99951171875
1741,1741,8,8,1,0.50390625,0.50390625
1742,1742,8,4,0,0.68603515625,0.209228515625
1743,1743,8,7,0,0.5302734375,0.0205535888671875
1744,1744,3,2,0,0.666015625,0.090087890625
1745,1745,5,5,1,0.9814453125,0.9814453125
1746,1746,8,8,1,0.96142578125,0.96142578125
1747,1747,7,7,1,0.99853515625,0.99853515625
1748,1748,5,5,1,0.53564453125,0.53564453125
1749,1749,1,1,1,0.984375,0.984375
1750,1750,1,1,1,0.65478515625,0.65478515625
1751,1751,6,0,0,0.58837890625,0.404541015625
1752,1752,4,4,1,0.98193359375,0.98193359375
1753,1753,1,2,0,0.8876953125,0.10601806640625
1754,1754,8,8,1,0.98291015625,0.98291015625
1755,1755,0,9,0,0.6474609375,0.03326416015625
1756,1756,7,7,1,0.97265625,0.97265625
1757,1757,7,7,1,0.99365234375,0.99365234375
1758,1758,1,1,1,0.69873046875,0.69873046875
1759,1759,9,9,1,0.9560546875,0.9560546875
1760,1760,8,8,1,0.93212890625,0.93212890625
1761,1761,6,5,0,0.471923828125,0.09295654296875
1762,1762,7,7,1,0.9951171875,0.9951171875
1763,1763,3,3,1,0.9775390625,0.9775390625
1764,1764,8,8,1,0.5458984375,0.5458984375
1765,1765,0,0,1,0.87060546875,0.87060546875
1766,1766,6,2,0,0.42333984375,0.1878662109375
1767,1767,9,9,1,0.994140625,0.994140625
1768,1768,2,2,1,0.6005859375,0.6005859375
1769,1769,8,8,1,0.947265625,0.947265625
1770,1770,9,9,1,0.9033203125,0.9033203125
1771,1771,6,6,1,0.80615234375,0.80615234375
1772,1772,9,9,1,0.9345703125,0.9345703125
1773,1773,5,5,1,0.90234375,0.90234375
1774,1774,8,8,1,0.93505859375,0.93505859375
1775,1775,1,1,1,0.9873046875,0.9873046875
1776,1776,9,9,1,0.95654296875,0.95654296875
1777,1777,6,6,1,0.84033203125,0.84033203125
1778,1778,3,3,1,0.63720703125,0.63720703125
1779,1779,4,7,0,0.69140625,0.306884765625
1780,1780,8,8,1,0.77001953125,0.77001953125
1781,1781,6,2,0,0.50048828125,0.167724609375
1782,1782,3,7,0,0.7314453125,0.041259765625
1783,1783,4,4,1,0.93115234375,0.93115234375
1784,1784,1,1,1,0.99267578125,0.99267578125
1785,1785,1,1,1,0.99853515625,0.99853515625
1786,1786,1,1,1,0.97607421875,0.97607421875
1787,1787,4,4,1,0.99951171875,0.99951171875
1788,1788,4,4,1,0.677734375,0.677734375
1789,1789,3,3,1,1.0,1.0
1790,1790,9,9,1,0.89306640625,0.89306640625
1791,1791,8,8,1,0.99755859375,0.99755859375
1792,1792,9,9,1,0.998046875,0.998046875
1793,1793,1,1,1,0.98388671875,0.98388671875
1794,1794,0,9,0,0.466552734375,0.1612548828125
1795,1795,4,4,1,0.9462890625,0.9462890625
1796,1796,0,0,1,0.455810546875,0.455810546875
1797,1797,4,4,1,0.91943359375,0.91943359375
1798,1798,7,7,1,0.9677734375,0.9677734375
1799,1799,4,4,1,0.9951171875,0.9951171875
1800,1800,8,8,1,0.77978515625,0.77978515625
1801,1801,9,9,1,0.9267578125,0.9267578125
1802,1802,6,3,0,0.4150390625,0.1116943359375
1803,1803,3,5,0,0.412353515625,0.0557861328125
1804,1804,0,0,1,0.471923828125,0.471923828125
1805,1805,3,3,1,0.94091796875,0.94091796875
1806,1806,9,9,1,0.9169921875,0.9169921875
1807,1807,2,2,1,0.364501953125,0.364501953125
1808,1808,0,0,1,0.40576171875,0.40576171875
1809,1809,3,3,1,0.9990234375,0.9990234375
1810,1810,5,5,1,0.425537109375,0.425537109375
1811,1811,4,4,1,0.98388671875,0.98388671875
1812,1812,2,1,0,0.62646484375,0.0054168701171875
1813,1813,0,0,1,0.5849609375,0.5849609375
1814,1814,3,3,1,0.99951171875,0.99951171875
1815,1815,2,1,0,0.5390625,0.211181640625
1816,1816,1,1,1,0.99755859375,0.99755859375
1817,1817,9,9,1,0.79931640625,0.79931640625
1818,1818,3,3,1,0.9912109375,0.9912109375
1819,1819,0,0,1,0.6337890625,0.6337890625
1820,1820,4,4,1,0.9619140625,0.9619140625
1821,1821,1,1,1,0.95556640625,0.95556640625
1822,1822,6,6,1,0.52880859375,0.52880859375
1823,1823,3,3,1,0.93115234375,0.93115234375
1824,1824,2,1,0,0.64794921875,0.23095703125
1825,1825,3,3,1,0.9990234375,0.9990234375
1826,1826,0,3,0,0.498779296875,0.1893310546875
1827,1827,5,5,1,0.302001953125,0.302001953125
1828,1828,0,0,1,0.401611328125,0.401611328125
1829,1829,3,3,1,0.5732421875,0.5732421875
1830,1830,6,6,1,0.69580078125,0.69580078125
1831,1831,7,7,1,0.998046875,0.998046875
1832,1832,4,7,0,0.515625,0.484130859375
1833,1833,2,8,0,0.49169921875,0.02606201171875
1834,1834,5,5,1,0.99365234375,0.99365234375
1835,1835,1,1,1,0.9990234375,0.9990234375
1836,1836,5,1,0,0.75244140625,0.122802734375
1837,1837,4,4,1,0.96240234375,0.96240234375
1838,1838,9,9,1,0.982421875,0.982421875
1839,1839,6,6,1,0.77392578125,0.77392578125
1840,1840,6,7,0,0.39697265625,0.103515625
1841,1841,7,7,1,0.89306640625,0.89306640625
1842,1842,5,5,1,0.5068359375,0.5068359375
1843,1843,0,0,1,0.8466796875,0.8466796875
1844,1844,7,7,1,0.99853515625,0.99853515625
1845,1845,2,8,0,0.37060546875,0.04290771484375
1846,1846,1,1,1,0.9990234375,0.9990234375
1847,1847,1,1,1,0.99853515625,0.99853515625
1848,1848,2,7,0,0.7919921875,0.0307159423828125
1849,1849,9,9,1,0.8603515625,0.8603515625
1850,1850,0,0,1,0.8623046875,0.8623046875
1851,1851,5,5,1,0.99169921875,0.99169921875
1852,1852,0,0,1,0.50830078125,0.50830078125
1853,1853,3,6,0,0.464599609375,0.17626953125
1854,1854,1,1,1,0.95654296875,0.95654296875
1855,1855,9,9,1,0.97998046875,0.97998046875
1856,1856,3,3,1,0.98974609375,0.98974609375
1857,1857,0,0,1,0.348388671875,0.348388671875
1858,1858,6,6,1,0.79150390625,0.79150390625
1859,1859,9,9,1,0.9306640625,0.9306640625
1860,1860,0,0,1,0.74658203125,0.74658203125
1861,1861,1,1,1,0.982421875,0.982421875
1862,1862,4,7,0,0.97314453125,0.026763916015625
1863,1863,0,5,0,0.410888671875,0.234130859375
1864,1864,0,0,1,0.5439453125,0.5439453125
1865,1865,3,3,1,0.99853515625,0.99853515625
1866,1866,4,4,1,0.499755859375,0.499755859375
1867,1867,9,9,1,0.875,0.875
1868,1868,4,4,1,0.62939453125,0.62939453125
1869,1869,9,9,1,0.994140625,0.994140625
1870,1870,2,1,0,0.312744140625,0.293701171875
1871,1871,5,6,0,0.5283203125,0.363037109375
1872,1872,7,7,1,0.9990234375,0.9990234375
1873,1873,3,3,1,0.82666015625,0.82666015625
1874,1874,2,2,1,0.7060546875,0.7060546875
1875,1875,6,6,1,0.33544921875,0.33544921875
1876,1876,0,0,1,0.442138671875,0.442138671875
1877,1877,3,4,0,0.28125,0.09722900390625
1878,1878,9,9,1,0.994140625,0.994140625
1879,1879,0,8,0,0.459228515625,0.03125
1880,1880,9,9,1,0.9130859375,0.9130859375
1881,1881,9,9,1,0.900390625,0.900390625
1882,1882,8,8,1,0.73583984375,0.73583984375
1883,1883,7,7,1,0.994140625,0.994140625
1884,1884,2,1,0,0.943359375,0.0251312255859375
1885,1885,1,1,1,1.0,1.0
1886,1886,8,8,1,0.94921875,0.94921875
1887,1887,5,5,1,0.85791015625,0.85791015625
1888,1888,3,3,1,0.86669921875,0.86669921875
1889,1889,0,0,1,0.93994140625,0.93994140625
1890,1890,1,1,1,0.98291015625,0.98291015625
1891,1891,4,4,1,0.884765625,0.884765625
1892,1892,6,6,1,0.85595703125,0.85595703125
1893,1893,1,1,1,0.99853515625,0.99853515625
1894,1894,5,5,1,0.90380859375,0.90380859375
1895,1895,1,1,1,0.99951171875,0.99951171875
1896,1896,7,7,1,0.98876953125,0.98876953125
1897,1897,7,7,1,0.9990234375,0.9990234375
1898,1898,7,7,1,0.97216796875,0.97216796875
1899,1899,9,9,1,0.86328125,0.86328125
1900,1900,5,1,0,0.76806640625,0.00966644287109375
1901,1901,0,9,0,0.6845703125,0.03863525390625
1902,1902,0,0,1,0.47998046875,0.47998046875
1903,1903,1,1,1,0.83203125,0.83203125
1904,1904,2,1,0,0.95849609375,0.0085601806640625
1905,1905,7,7,1,0.99755859375,0.99755859375
1906,1906,0,9,0,0.381103515625,0.1492919921875
1907,1907,1,1,1,0.99951171875,0.99951171875
1908,1908,8,7,0,0.398681640625,0.265625
1909,1909,6,6,1,0.87646484375,0.87646484375
1910,1910,0,0,1,0.95947265625,0.95947265625
1911,1911,7,7,1,0.96630859375,0.96630859375
1912,1912,8,8,1,0.72607421875,0.72607421875
1913,1913,0,0,1,0.51953125,0.51953125
1914,1914,2,1,0,0.9716796875,0.01079559326171875
1915,1915,9,9,1,0.91259765625,0.91259765625
1916,1916,8,4,0,0.90283203125,0.055938720703125
1917,1917,2,1,0,0.93896484375,0.0214080810546875
1918,1918,9,9,1,0.9677734375,0.9677734375
1919,1919,3,3,1,0.986328125,0.986328125
1920,1920,3,3,1,0.99951171875,0.99951171875
1921,1921,6,0,0,0.31591796875,0.261962890625
1922,1922,9,9,1,0.6796875,0.6796875
1923,1923,3,3,1,0.8828125,0.8828125
1924,1924,3,3,1,0.96240234375,0.96240234375
1925,1925,9,9,1,0.935546875,0.935546875
1926,1926,0,0,1,0.9638671875,0.9638671875
1927,1927,5,5,1,0.9072265625,0.9072265625
1928,1928,6,7,0,0.37939453125,0.2301025390625
1929,1929,1,1,1,0.96728515625,0.96728515625
1930,1930,0,0,1,0.89453125,0.89453125
1931,1931,9,9,1,0.94482421875,0.94482421875
1932,1932,9,9,1,0.970703125,0.970703125
1933,1933,8,9,0,0.486328125,0.04119873046875
1934,1934,3,6,0,0.6396484375,0.005039215087890625
1935,1935,9,9,1,0.82568359375,0.82568359375
1936,1936,8,8,1,0.994140625,0.994140625
1937,1937,2,2,1,0.454345703125,0.454345703125
1938,1938,0,0,1,0.6591796875,0.6591796875
1939,1939,3,3,1,0.763671875,0.763671875
1940,1940,1,1,1,0.9541015625,0.9541015625
1941,1941,6,6,1,0.91064453125,0.91064453125
1942,1942,6,0,0,0.53857421875,0.4462890625
1943,1943,1,1,1,0.99951171875,0.99951171875
1944,1944,3,0,0,0.5048828125,0.04144287109375
1945,1945,3,3,1,0.9951171875,0.9951171875
1946,1946,9,9,1,0.970703125,0.970703125
1947,1947,1,1,1,0.96826171875,0.96826171875
1948,1948,3,3,1,0.962890625,0.962890625
1949,1949,1,1,1,0.9609375,0.9609375
1950,1950,2,2,1,0.60986328125,0.60986328125
1951,1951,0,9,0,0.4345703125,0.0855712890625
1952,1952,3,5,0,0.7353515625,0.01959228515625
1953,1953,3,3,1,0.99853515625,0.99853515625
1954,1954,5,1,0,0.9482421875,0.036773681640625
1955,1955,9,9,1,0.85693359375,0.85693359375
1956,1956,0,6,0,0.470458984375,0.16259765625
1957,1957,0,0,1,0.327880859375,0.327880859375
1958,1958,6,7,0,0.92236328125,0.038055419921875
1959,1959,1,1,1,0.998046875,0.998046875
1960,1960,1,1,1,0.998046875,0.998046875
1961,1961,0,0,1,0.9951171875,0.9951171875
1962,1962,0,0,1,0.78662109375,0.78662109375
1963,1963,7,7,1,0.65576171875,0.65576171875
1964,1964,9,9,1,0.86181640625,0.86181640625
1965,1965,2,1,0,0.99267578125,0.0017995834350585938
1966,1966,2,1,0,0.40576171875,0.03546142578125
1967,1967,5,5,1,0.99560546875,0.99560546875
1968,1968,1,1,1,0.99853515625,0.99853515625
1969,1969,7,4,0,0.61572265625,0.373291015625
1970,1970,0,0,1,0.5888671875,0.5888671875
1971,1971,6,6,1,0.88818359375,0.88818359375
1972,1972,3,3,1,0.65625,0.65625
1973,1973,3,3,1,1.0,1.0
1974,1974,6,6,1,0.71923828125,0.71923828125
1975,1975,7,7,1,0.9814453125,0.9814453125
1976,1976,9,9,1,0.86083984375,0.86083984375
1977,1977,5,5,1,0.466796875,0.466796875
1978,1978,2,1,0,0.6181640625,0.0693359375
1979,1979,5,5,1,0.91845703125,0.91845703125
1980,1980,5,5,1,0.96142578125,0.96142578125
1981,1981,7,7,1,1.0,1.0
1982,1982,9,9,1,0.87939453125,0.87939453125
1983,1983,3,3,1,0.64892578125,0.64892578125
1984,1984,6,6,1,0.66162109375,0.66162109375
1985,1985,2,1,0,0.87548828125,0.02728271484375
1986,1986,2,2,1,0.281982421875,0.281982421875
1987,1987,5,5,1,0.93115234375,0.93115234375
1988,1988,3,3,1,0.6083984375,0.6083984375
1989,1989,7,7,1,0.99072265625,0.99072265625
1990,1990,5,5,1,0.95263671875,0.95263671875
1991,1991,5,5,1,0.958984375,0.958984375
1992,1992,0,9,0,0.427490234375,0.057861328125
1993,1993,4,4,1,0.53759765625,0.53759765625
1994,1994,3,3,1,0.98876953125,0.98876953125
1995,1995,5,5,1,0.953125,0.953125
1996,1996,4,7,0,0.98388671875,0.015899658203125
1997,1997,2,1,0,0.89990234375,0.031768798828125
1998,1998,9,9,1,0.974609375,0.974609375
1999,1999,7,7,1,0.96435546875,0.96435546875
2000,2000,8,8,1,0.919921875,0.919921875
2001,2001,2,1,0,0.876953125,0.04364013671875
2002,2002,4,4,1,0.499755859375,0.499755859375
2003,2003,1,1,1,0.998046875,0.998046875
2004,2004,8,8,1,0.77099609375,0.77099609375
2005,2005,6,6,1,0.94140625,0.94140625
2006,2006,6,7,0,0.93701171875,0.0562744140625
2007,2007,2,1,0,0.67724609375,0.241455078125
2008,2008,9,9,1,0.923828125,0.923828125
2009,2009,1,1,1,0.8046875,0.8046875
2010,2010,0,0,1,0.399169921875,0.399169921875
2011,2011,2,6,0,0.400390625,0.15673828125
2012,2012,0,0,1,0.40869140625,0.40869140625
2013,2013,9,9,1,0.95849609375,0.95849609375
2014,2014,9,9,1,0.98876953125,0.98876953125
2015,2015,2,2,1,0.71533203125,0.71533203125
2016,2016,8,4,0,0.451416015625,0.1767578125
2017,2017,1,1,1,0.90234375,0.90234375
2018,2018,2,1,0,0.51611328125,0.02001953125
2019,2019,3,5,0,0.51513671875,0.0894775390625
2020,2020,4,4,1,0.98876953125,0.98876953125
2021,2021,8,8,1,0.5556640625,0.5556640625
2022,2022,7,7,1,0.984375,0.984375
2023,2023,3,3,1,0.982421875,0.982421875
2024,2024,4,4,1,0.88037109375,0.88037109375
2025,2025,6,6,1,0.96240234375,0.96240234375
2026,2026,2,8,0,0.364990234375,0.2587890625
2027,2027,3,3,1,0.708984375,0.708984375
2028,2028,1,1,1,0.9853515625,0.9853515625
2029,2029,5,5,1,0.953125,0.953125
2030,2030,8,8,1,0.9755859375,0.9755859375
2031,2031,5,5,1,0.7060546875,0.7060546875
2032,2032,1,1,1,0.75537109375,0.75537109375
2033,2033,6,6,1,0.79052734375,0.79052734375
2034,2034,7,7,1,0.97607421875,0.97607421875
2035,2035,2,1,0,0.9716796875,0.00765228271484375
2036,2036,9,9,1,0.88671875,0.88671875
2037,2037,4,4,1,0.97216796875,0.97216796875
2038,2038,6,6,1,0.97216796875,0.97216796875
2039,2039,4,4,1,0.98974609375,0.98974609375
2040,2040,1,1,1,0.99267578125,0.99267578125
2041,2041,4,4,1,0.54638671875,0.54638671875
2042,2042,9,9,1,0.888671875,0.888671875
2043,2043,3,7,0,0.58984375,0.0440673828125
2044,2044,5,5,1,0.99169921875,0.99169921875
2045,2045,4,4,1,0.89990234375,0.89990234375
2046,2046,4,4,1,0.99658203125,0.99658203125
2047,2047,0,0,1,0.908203125,0.908203125
2048,2048,1,1,1,0.994140625,0.994140625
2049,2049,9,9,1,0.97314453125,0.97314453125
2050,2050,2,1,0,0.80517578125,0.1356201171875
2051,2051,2,1,0,0.75439453125,0.1737060546875
2052,2052,5,5,1,0.5126953125,0.5126953125
2053,2053,0,0,1,0.662109375,0.662109375
2054,2054,7,7,1,0.6591796875,0.6591796875
2055,2055,9,9,1,1.0,1.0
2056,2056,9,8,0,0.7294921875,0.02496337890625
2057,2057,7,7,1,0.96533203125,0.96533203125
2058,2058,5,5,1,0.60107421875,0.60107421875
2059,2059,6,4,0,0.544921875,0.06512451171875
2060,2060,7,7,1,0.97412109375,0.97412109375
2061,2061,9,9,1,0.9873046875,0.9873046875
2062,2062,9,9,1,0.935546875,0.935546875
2063,2063,8,5,0,0.44970703125,0.08319091796875
2064,2064,0,0,1,0.4765625,0.4765625
2065,2065,3,8,0,0.83203125,0.163818359375
2066,2066,0,0,1,0.270751953125,0.270751953125
2067,2067,4,4,1,0.95947265625,0.95947265625
2068,2068,9,9,1,0.978515625,0.978515625
2069,2069,9,8,0,0.45361328125,0.0120849609375
2070,2070,6,0,0,0.53271484375,0.4150390625
2071,2071,5,5,1,0.91552734375,0.91552734375
2072,2072,5,1,0,0.343994140625,0.251708984375
2073,2073,6,6,1,0.9404296875,0.9404296875
2074,2074,6,6,1,0.82568359375,0.82568359375
2075,2075,4,4,1,0.73095703125,0.73095703125
2076,2076,6,0,0,0.9638671875,0.03509521484375
2077,2077,9,9,1,0.998046875,0.998046875
2078,2078,9,9,1,0.986328125,0.986328125
2079,2079,8,8,1,0.89599609375,0.89599609375
2080,2080,5,5,1,0.91845703125,0.91845703125
2081,2081,6,6,1,0.85693359375,0.85693359375
2082,2082,8,4,0,0.98583984375,0.0037860870361328125
2083,2083,2,1,0,0.7744140625,0.036224365234375
2084,2084,4,4,1,0.98828125,0.98828125
2085,2085,8,8,1,0.93310546875,0.93310546875
2086,2086,0,4,0,0.259521484375,0.09246826171875
2087,2087,8,8,1,0.7607421875,0.7607421875
2088,2088,7,7,1,0.998046875,0.998046875
2089,2089,6,6,1,0.9189453125,0.9189453125
2090,2090,2,1,0,0.75537109375,0.01146697998046875
2091,2091,7,7,1,0.8525390625,0.8525390625
2092,2092,3,3,1,0.94580078125,0.94580078125
2093,2093,7,7,1,0.98828125,0.98828125
2094,2094,4,4,1,0.73046875,0.73046875
2095,2095,6,6,1,0.9140625,0.9140625
2096,2096,5,5,1,0.86865234375,0.86865234375
2097,2097,1,1,1,0.9970703125,0.9970703125
2098,2098,6,6,1,0.62548828125,0.62548828125
2099,2099,8,8,1,0.865234375,0.865234375
2100,2100,9,9,1,0.7705078125,0.7705078125
2101,2101,7,7,1,0.89306640625,0.89306640625
2102,2102,8,8,1,0.978515625,0.978515625
2103,2103,3,4,0,0.54248046875,0.0077362060546875
2104,2104,9,9,1,0.9111328125,0.9111328125
2105,2105,8,7,0,0.361572265625,0.319091796875
2106,2106,7,7,1,0.9697265625,0.9697265625
2107,2107,4,7,0,0.86279296875,0.13232421875
2108,2108,3,3,1,0.798828125,0.798828125
2109,2109,0,0,1,0.94091796875,0.94091796875
2110,2110,1,1,1,0.99658203125,0.99658203125
2111,2111,8,3,0,0.7275390625,0.10479736328125
2112,2112,1,1,1,0.953125,0.953125
2113,2113,9,9,1,0.88720703125,0.88720703125
2114,2114,4,7,0,0.7509765625,0.243896484375
2115,2115,8,8,1,0.5927734375,0.5927734375
2116,2116,0,0,1,0.53173828125,0.53173828125
2117,2117,4,4,1,0.9873046875,0.9873046875
2118,2118,6,6,1,0.309326171875,0.309326171875
2119,2119,9,9,1,0.87353515625,0.87353515625
2120,2120,1,1,1,0.986328125,0.986328125
2121,2121,9,9,1,0.86328125,0.86328125
2122,2122,6,6,1,0.84033203125,0.84033203125
2123,2123,9,9,1,0.75341796875,0.75341796875
2124,2124,3,3,1,0.9794921875,0.9794921875
2125,2125,0,6,0,0.36962890625,0.21728515625
2126,2126,3,3,1,0.99951171875,0.99951171875
2127,2127,8,8,1,0.87646484375,0.87646484375
2128,2128,1,1,1,0.998046875,0.998046875
2129,2129,6,6,1,0.6806640625,0.6806640625
2130,2130,1,1,1,0.9990234375,0.9990234375
2131,2131,3,6,0,0.505859375,0.01435089111328125
2132,2132,7,7,1,0.99951171875,0.99951171875
2133,2133,2,5,0,0.705078125,0.0009355545043945312
2134,2134,9,9,1,0.98779296875,0.98779296875
2135,2135,0,1,0,0.724609375,0.0299072265625
2136,2136,2,1,0,0.6748046875,0.170654296875
2137,2137,2,6,0,0.73291015625,0.0177764892578125
2138,2138,3,3,1,1.0,1.0
2139,2139,3,3,1,0.85546875,0.85546875
2140,2140,2,1,0,0.99658203125,0.001407623291015625
2141,2141,3,3,1,0.69970703125,0.69970703125
2142,2142,2,1,0,0.7314453125,0.01470947265625
2143,2143,3,4,0,0.72509765625,0.266845703125
2144,2144,3,3,1,1.0,1.0
2145,2145,1,1,1,0.99072265625,0.99072265625
2146,2146,0,9,0,0.57177734375,0.163818359375
2147,2147,0,6,0,0.560546875,0.4365234375
2148,2148,7,7,1,0.9345703125,0.9345703125
2149,2149,6,6,1,0.9541015625,0.9541015625
2150,2150,8,4,0,0.66552734375,0.252685546875
2151,2151,2,1,0,0.94140625,0.0364990234375
2152,2152,3,4,0,0.464599609375,0.0628662109375
2153,2153,8,8,1,0.732421875,0.732421875
2154,2154,0,0,1,0.53466796875,0.53466796875
2155,2155,3,3,1,0.98193359375,0.98193359375
2156,2156,4,4,1,0.98583984375,0.98583984375
2157,2157,8,8,1,0.61669921875,0.61669921875
2158,2158,2,1,0,0.9521484375,0.0223846435546875
2159,2159,6,6,1,0.56884765625,0.56884765625
2160,2160,3,5,0,0.478271484375,0.0185394287109375
2161,2161,8,6,0,0.68701171875,0.0194854736328125
2162,2162,1,1,1,0.99951171875,0.99951171875
2163,2163,8,8,1,0.92138671875,0.92138671875
2164,2164,2,2,1,0.47998046875,0.47998046875
2165,2165,2,1,0,0.92822265625,0.03277587890625
2166,2166,3,4,0,0.458740234375,0.2783203125
2167,2167,4,4,1,0.6513671875,0.6513671875
2168,2168,8,4,0,0.441162109375,0.04949951171875
2169,2169,0,0,1,0.492431640625,0.492431640625
2170,2170,0,0,1,0.8291015625,0.8291015625
2171,2171,4,7,0,0.5302734375,0.468017578125
2172,2172,6,2,0,0.29248046875,0.1829833984375
2173,2173,6,6,1,0.90576171875,0.90576171875
2174,2174,4,7,0,0.650390625,0.34814453125
2175,2175,9,9,1,0.90576171875,0.90576171875
2176,2176,1,1,1,0.9970703125,0.9970703125
2177,2177,2,1,0,0.52880859375,0.1514892578125
2178,2178,2,1,0,0.763671875,0.0223541259765625
2179,2179,2,6,0,0.499755859375,0.0596923828125
2180,2180,3,3,1,0.90283203125,0.90283203125
2181,2181,4,4,1,0.998046875,0.998046875
2182,2182,5,5,1,0.8876953125,0.8876953125
2183,2183,7,7,1,0.9990234375,0.9990234375
2184,2184,9,9,1,0.79150390625,0.79150390625
2185,2185,0,0,1,0.95068359375,0.95068359375
2186,2186,2,1,0,0.97900390625,0.0158233642578125
2187,2187,0,6,0,0.42431640625,0.28271484375
2188,2188,3,3,1,0.99853515625,0.99853515625
2189,2189,3,5,0,0.69775390625,0.069091796875
2190,2190,6,6,1,0.74560546875,0.74560546875
2191,2191,9,9,1,0.90234375,0.90234375
2192,2192,1,1,1,0.93994140625,0.93994140625
2193,2193,6,6,1,0.72265625,0.72265625
2194,2194,2,1,0,0.96435546875,0.018218994140625
2195,2195,1,1,1,0.52734375,0.52734375
2196,2196,3,3,1,0.9755859375,0.9755859375
2197,2197,7,7,1,0.98974609375,0.98974609375
2198,2198,0,6,0,0.5126953125,0.08367919921875
2199,2199,5,5,1,0.87841796875,0.87841796875
2200,2200,2,6,0,0.408447265625,0.00931549072265625
2201,2201,9,9,1,0.8798828125,0.8798828125
2202,2202,6,6,1,0.64794921875,0.64794921875
2203,2203,0,0,1,0.452880859375,0.452880859375
2204,2204,1,1,1,0.80224609375,0.80224609375
2205,2205,3,3,1,1.0,1.0
2206,2206,7,7,1,0.98046875,0.98046875
2207,2207,7,7,1,0.99755859375,0.99755859375
2208,2208,3,7,0,0.475341796875,0.031341552734375
2209,2209,1,1,1,0.8759765625,0.8759765625
2210,2210,3,3,1,0.57275390625,0.57275390625
2211,2211,4,4,1,0.9794921875,0.9794921875
2212,2212,1,1,1,0.97900390625,0.97900390625
2213,2213,5,5,1,0.86376953125,0.86376953125
2214,2214,4,3,0,0.62451171875,0.2685546875
2215,2215,7,7,1,0.9091796875,0.9091796875
2216,2216,8,8,1,0.818359375,0.818359375
2217,2217,7,2,0,0.6826171875,0.2081298828125
2218,2218,8,8,1,0.9873046875,0.9873046875
2219,2219,2,6,0,0.39404296875,0.306884765625
2220,2220,7,7,1,0.9951171875,0.9951171875
2221,2221,0,9,0,0.7177734375,0.07110595703125
2222,2222,3,3,1,0.650390625,0.650390625
2223,2223,1,1,1,0.99853515625,0.99853515625
2224,2224,4,4,1,0.88037109375,0.88037109375
2225,2225,1,1,1,0.9921875,0.9921875
2226,2226,7,7,1,0.99853515625,0.99853515625
2227,2227,8,8,1,0.76953125,0.76953125
2228,2228,9,9,1,0.9736328125,0.9736328125
2229,2229,3,7,0,0.72216796875,0.067138671875
2230,2230,1,1,1,0.953125,0.953125
2231,2231,9,9,1,0.716796875,0.716796875
2232,2232,6,6,1,0.50537109375,0.50537109375
2233,2233,3,7,0,0.68017578125,0.024017333984375
2234,2234,7,7,1,0.88037109375,0.88037109375
2235,2235,6,6,1,0.96435546875,0.96435546875
2236,2236,0,5,0,0.31396484375,0.070068359375
2237,2237,3,3,1,0.9931640625,0.9931640625
2238,2238,7,7,1,0.99853515625,0.99853515625
2239,2239,7,7,1,0.97021484375,0.97021484375
2240,2240,9,8,0,0.728515625,0.0677490234375
2241,2241,9,9,1,0.90966796875,0.90966796875
2242,2242,1,1,1,0.9990234375,0.9990234375
2243,2243,1,1,1,0.99951171875,0.99951171875
2244,2244,7,7,1,0.99072265625,0.99072265625
2245,2245,7,7,1,0.98828125,0.98828125
2246,2246,3,3,1,0.69384765625,0.69384765625
2247,2247,2,1,0,0.7255859375,0.037261962890625
2248,2248,0,6,0,0.50732421875,0.255126953125
2249,2249,6,0,0,0.7548828125,0.230224609375
2250,2250,1,1,1,0.99609375,0.99609375
2251,2251,5,5,1,0.9072265625,0.9072265625
2252,2252,3,4,0,0.80322265625,0.03314208984375
2253,2253,1,1,1,0.9140625,0.9140625
2254,2254,0,5,0,0.317138671875,0.262939453125
2255,2255,7,7,1,0.99951171875,0.99951171875
2256,2256,2,1,0,0.615234375,0.2061767578125
2257,2257,7,7,1,0.705078125,0.705078125
2258,2258,8,8,1,0.5751953125,0.5751953125
2259,2259,8,8,1,0.98486328125,0.98486328125
2260,2260,9,8,0,0.398681640625,0.310546875
2261,2261,4,4,1,0.705078125,0.705078125
2262,2262,1,1,1,0.9599609375,0.9599609375
2263,2263,7,7,1,0.99853515625,0.99853515625
2264,2264,2,2,1,0.6103515625,0.6103515625
2265,2265,8,8,1,0.88134765625,0.88134765625
2266,2266,4,4,1,0.9072265625,0.9072265625
2267,2267,5,5,1,0.89013671875,0.89013671875
2268,2268,0,0,1,0.91357421875,0.91357421875
2269,2269,4,4,1,0.89990234375,0.89990234375
2270,2270,1,1,1,0.951171875,0.951171875
2271,2271,1,1,1,0.99462890625,0.99462890625
2272,2272,4,4,1,0.6923828125,0.6923828125
2273,2273,6,2,0,0.65869140625,0.1829833984375
2274,2274,7,7,1,0.978515625,0.978515625
2275,2275,1,1,1,0.99951171875,0.99951171875
2276,2276,7,7,1,0.99560546875,0.99560546875
2277,2277,9,9,1,0.95068359375,0.95068359375
2278,2278,4,4,1,0.99951171875,0.99951171875
2279,2279,9,9,1,0.81591796875,0.81591796875
2280,2280,2,1,0,0.92529296875,0.023162841796875
2281,2281,9,9,1,0.9658203125,0.9658203125
2282,2282,4,4,1,0.53076171875,0.53076171875
2283,2283,8,8,1,0.64794921875,0.64794921875
2284,2284,9,9,1,0.85205078125,0.85205078125
2285,2285,7,7,1,0.99951171875,0.99951171875
2286,2286,2,1,0,0.990234375,0.0048828125
2287,2287,1,1,1,0.962890625,0.962890625
2288,2288,3,5,0,0.935546875,5.125999450683594e-05
2289,2289,8,8,1,0.6630859375,0.6630859375
2290,2290,2,1,0,0.68115234375,0.258544921875
2291,2291,1,1,1,0.744140625,0.744140625
2292,2292,6,6,1,0.85205078125,0.85205078125
2293,2293,0,0,1,0.8857421875,0.8857421875
2294,2294,1,1,1,0.98095703125,0.98095703125
2295,2295,6,4,0,0.64208984375,0.303466796875
2296,2296,0,0,1,0.986328125,0.986328125
2297,2297,1,1,1,0.9169921875,0.9169921875
2298,2298,2,1,0,0.7978515625,0.00669097900390625
2299,2299,3,3,1,0.73828125,0.73828125
2300,2300,3,3,1,0.994140625,0.994140625
2301,2301,1,1,1,1.0,1.0
2302,2302,3,3,1,0.99951171875,0.99951171875
2303,2303,1,1,1,0.99755859375,0.99755859375
2304,2304,8,4,0,0.60009765625,0.26611328125
2305,2305,3,3,1,0.51123046875,0.51123046875
2306,2306,6,7,0,0.56884765625,0.25244140625
2307,2307,1,9,0,0.69775390625,0.291015625
2308,2308,8,4,0,0.476806640625,0.348876953125
2309,2309,2,6,0,0.5068359375,0.0853271484375
2310,2310,0,6,0,0.7314453125,0.2095947265625
2311,2311,0,5,0,0.66259765625,0.048004150390625
2312,2312,5,5,1,0.54345703125,0.54345703125
2313,2313,6,6,1,0.39892578125,0.39892578125
2314,2314,0,0,1,0.67822265625,0.67822265625
2315,2315,8,8,1,0.9287109375,0.9287109375
2316,2316,5,5,1,0.916015625,0.916015625
2317,2317,9,9,1,0.9794921875,0.9794921875
2318,2318,5,5,1,0.8984375,0.8984375
2319,2319,7,7,1,0.89990234375,0.89990234375
2320,2320,4,7,0,0.5771484375,0.42236328125
2321,2321,9,9,1,0.84326171875,0.84326171875
2322,2322,3,4,0,0.466796875,0.055755615234375
2323,2323,8,8,1,0.73828125,0.73828125
2324,2324,8,8,1,0.88037109375,0.88037109375
2325,2325,1,1,1,0.998046875,0.998046875
2326,2326,2,7,0,0.346923828125,0.191650390625
2327,2327,8,8,1,0.88720703125,0.88720703125
2328,2328,7,7,1,0.9990234375,0.9990234375
2329,2329,0,9,0,0.794921875,0.010650634765625
2330,2330,6,0,0,0.705078125,0.2939453125
2331,2331,9,9,1,0.994140625,0.994140625
2332,2332,3,3,1,0.8486328125,0.8486328125
2333,2333,0,5,0,0.5517578125,0.06585693359375
2334,2334,9,9,1,0.80029296875,0.80029296875
2335,2335,9,9,1,0.98828125,0.98828125
2336,2336,0,0,1,0.72216796875,0.72216796875
2337,2337,1,1,1,0.98779296875,0.98779296875
2338,2338,3,3,1,0.88525390625,0.88525390625
2339,2339,9,9,1,0.98291015625,0.98291015625
2340,2340,4,4,1,0.65087890625,0.65087890625
2341,2341,8,8,1,0.7880859375,0.7880859375
2342,2342,9,9,1,0.97998046875,0.97998046875
2343,2343,4,4,1,0.9697265625,0.9697265625
2344,2344,8,4,0,0.89990234375,0.0239715576171875
2345,2345,0,1,0,0.381103515625,0.0084228515625
2346,2346,6,7,0,0.98486328125,0.0004515647888183594
2347,2347,0,0,1,0.84912109375,0.84912109375
2348,2348,4,4,1,0.9072265625,0.9072265625
2349,2349,4,7,0,0.6220703125,0.377197265625
2350,2350,9,9,1,0.88037109375,0.88037109375
2351,2351,1,1,1,0.99169921875,0.99169921875
2352,2352,2,7,0,0.465576171875,0.1558837890625
2353,2353,6,6,1,0.6953125,0.6953125
2354,2354,2,8,0,0.90869140625,0.0006451606750488281
2355,2355,0,0,1,0.52685546875,0.52685546875
2356,2356,2,5,0,0.7724609375,0.0027866363525390625
2357,2357,1,1,1,0.92333984375,0.92333984375
2358,2358,9,9,1,0.93798828125,0.93798828125
2359,2359,3,3,1,0.9794921875,0.9794921875
2360,2360,9,9,1,0.99609375,0.99609375
2361,2361,8,5,0,0.57080078125,0.07489013671875
2362,2362,7,7,1,0.99951171875,0.99951171875
2363,2363,5,5,1,0.90966796875,0.90966796875
2364,2364,2,1,0,0.9892578125,0.0035686492919921875
2365,2365,9,9,1,0.99560546875,0.99560546875
2366,2366,8,6,0,0.67919921875,0.12176513671875
2367,2367,2,5,0,0.361328125,0.01690673828125
2368,2368,8,8,1,0.58984375,0.58984375
2369,2369,1,1,1,0.54736328125,0.54736328125
2370,2370,0,9,0,0.374755859375,0.03173828125
2371,2371,3,3,1,0.99951171875,0.99951171875
2372,2372,8,8,1,0.6455078125,0.6455078125
2373,2373,3,7,0,0.6943359375,0.06256103515625
2374,2374,8,8,1,0.99560546875,0.99560546875
2375,2375,4,4,1,0.88623046875,0.88623046875
2376,2376,3,6,0,0.52978515625,0.107666015625
2377,2377,2,1,0,0.2398681640625,0.13671875
2378,2378,4,4,1,0.92431640625,0.92431640625
2379,2379,0,0,1,0.79150390625,0.79150390625
2380,2380,2,1,0,0.5830078125,0.01172637939453125
2381,2381,1,1,1,0.99853515625,0.99853515625
2382,2382,3,3,1,0.4248046875,0.4248046875
2383,2383,2,1,0,0.5390625,0.27099609375
2384,2384,7,7,1,0.9912109375,0.9912109375
2385,2385,3,7,0,0.6611328125,0.049407958984375
2386,2386,9,9,1,0.94140625,0.94140625
2387,2387,9,9,1,0.88671875,0.88671875
2388,2388,3,3,1,0.3427734375,0.3427734375
2389,2389,9,9,1,0.71142578125,0.71142578125
2390,2390,3,3,1,0.9970703125,0.9970703125
2391,2391,3,3,1,0.9990234375,0.9990234375
2392,2392,1,1,1,0.98388671875,0.98388671875
2393,2393,2,1,0,0.91455078125,0.00954437255859375
2394,2394,1,1,1,0.9345703125,0.9345703125
2395,2395,8,7,0,0.5390625,0.37060546875
2396,2396,2,1,0,0.98828125,0.00939178466796875
2397,2397,8,8,1,0.94384765625,0.94384765625
2398,2398,0,9,0,0.4580078125,0.0292816162109375
2399,2399,5,5,1,0.95068359375,0.95068359375
2400,2400,8,8,1,0.814453125,0.814453125
2401,2401,2,1,0,0.91455078125,0.01187896728515625
2402,2402,5,6,0,0.6044921875,0.27685546875
2403,2403,7,7,1,0.998046875,0.998046875
2404,2404,5,5,1,0.93310546875,0.93310546875
2405,2405,9,9,1,0.9384765625,0.9384765625
2406,2406,6,6,1,0.88623046875,0.88623046875
2407,2407,4,4,1,0.70556640625,0.70556640625
2408,2408,0,0,1,0.57275390625,0.57275390625
2409,2409,6,6,1,0.75439453125,0.75439453125
2410,2410,6,6,1,0.9296875,0.9296875
2411,2411,5,5,1,0.9267578125,0.9267578125
2412,2412,1,1,1,0.9990234375,0.9990234375
2413,2413,2,1,0,0.38671875,0.1295166015625
2414,2414,6,6,1,0.97802734375,0.97802734375
2415,2415,0,0,1,0.8583984375,0.8583984375
2416,2416,0,1,0,0.326171875,0.08782958984375
2417,2417,7,7,1,0.99755859375,0.99755859375
2418,2418,3,3,1,0.69091796875,0.69091796875
2419,2419,9,9,1,0.89697265625,0.89697265625
2420,2420,6,0,0,0.46630859375,0.43798828125
2421,2421,9,9,1,0.98974609375,0.98974609375
2422,2422,9,9,1,0.9814453125,0.9814453125
2423,2423,7,7,1,0.489013671875,0.489013671875
2424,2424,1,1,1,0.978515625,0.978515625
2425,2425,2,1,0,0.94677734375,0.01393890380859375
2426,2426,2,1,0,0.712890625,0.224365234375
2427,2427,4,4,1,0.970703125,0.970703125
2428,2428,3,6,0,0.35107421875,0.176513671875
2429,2429,2,1,0,0.50732421875,0.1925048828125
2430,2430,9,9,1,0.7783203125,0.7783203125
2431,2431,4,4,1,1.0,1.0
2432,2432,4,4,1,0.990234375,0.990234375
2433,2433,6,6,1,0.82373046875,0.82373046875
2434,2434,9,9,1,0.88720703125,0.88720703125
2435,2435,0,9,0,0.70458984375,0.012908935546875
2436,2436,9,9,1,0.86474609375,0.86474609375
2437,2437,9,9,1,0.94677734375,0.94677734375
2438,2438,3,3,1,0.98291015625,0.98291015625
2439,2439,9,9,1,0.986328125,0.986328125
2440,2440,3,5,0,0.2783203125,0.1854248046875
2441,2441,9,9,1,0.9150390625,0.9150390625
2442,2442,7,7,1,0.9892578125,0.9892578125
2443,2443,9,9,1,0.86474609375,0.86474609375
2444,2444,2,1,0,0.58349609375,0.11138916015625
2445,2445,4,7,0,0.68212890625,0.302734375
2446,2446,9,9,1,0.76904296875,0.76904296875
2447,2447,6,6,1,0.61669921875,0.61669921875
2448,2448,6,2,0,0.4765625,0.2471923828125
2449,2449,2,1,0,0.80517578125,0.0037288665771484375
2450,2450,7,7,1,0.99951171875,0.99951171875
2451,2451,7,7,1,0.99951171875,0.99951171875
2452,2452,5,5,1,0.7451171875,0.7451171875
2453,2453,6,2,0,0.96044921875,0.01247406005859375
2454,2454,1,1,1,0.99853515625,0.99853515625
2455,2455,1,1,1,0.98876953125,0.98876953125
2456,2456,6,6,1,0.9765625,0.9765625
2457,2457,8,8,1,0.95947265625,0.95947265625
2458,2458,2,1,0,0.6923828125,0.0294952392578125
2459,2459,3,3,1,0.6435546875,0.6435546875
2460,2460,7,7,1,0.89892578125,0.89892578125
2461,2461,1,1,1,0.9296875,0.9296875
2462,2462,9,9,1,0.998046875,0.998046875
2463,2463,6,6,1,0.916015625,0.916015625
2464,2464,1,9,0,0.97900390625,0.019683837890625
2465,2465,7,7,1,0.99951171875,0.99951171875
2466,2466,7,7,1,0.99951171875,0.99951171875
2467,2467,9,9,1,0.9248046875,0.9248046875
2468,2468,3,6,0,0.7470703125,0.0980224609375
2469,2469,3,7,0,0.97509765625,0.0024166107177734375
2470,2470,2,1,0,0.4345703125,0.1868896484375
2471,2471,7,7,1,1.0,1.0
2472,2472,3,3,1,0.99951171875,0.99951171875
2473,2473,3,7,0,0.98486328125,0.0009560585021972656
2474,2474,4,4,1,0.56201171875,0.56201171875
2475,2475,1,1,1,0.99951171875,0.99951171875
2476,2476,0,1,0,0.2412109375,0.1878662109375
2477,2477,9,9,1,0.947265625,0.947265625
2478,2478,5,5,1,0.9873046875,0.9873046875
2479,2479,6,5,0,0.48486328125,0.31298828125
2480,2480,1,9,0,0.59814453125,0.3984375
2481,2481,9,9,1,0.89013671875,0.89013671875
2482,2482,6,6,1,0.97216796875,0.97216796875
2483,2483,9,9,1,0.91748046875,0.91748046875
2484,2484,0,0,1,0.3525390625,0.3525390625
2485,2485,6,6,1,0.6357421875,0.6357421875
2486,2486,6,6,1,0.66162109375,0.66162109375
2487,2487,7,7,1,0.98828125,0.98828125
2488,2488,1,1,1,0.87060546875,0.87060546875
2489,2489,1,1,1,0.9951171875,0.9951171875
2490,2490,2,1,0,0.98046875,0.0046844482421875
2491,2491,2,6,0,0.415771484375,0.2156982421875
2492,2492,3,3,1,0.99951171875,0.99951171875
2493,2493,6,7,0,0.98046875,0.006816864013671875
2494,2494,0,0,1,0.83544921875,0.83544921875
2495,2495,9,9,1,0.99609375,0.99609375
2496,2496,9,9,1,0.962890625,0.962890625
2497,2497,6,6,1,0.90087890625,0.90087890625
2498,2498,0,0,1,0.463134765625,0.463134765625
2499,2499,8,8,1,0.98046875,0.98046875
2500,2500,5,1,0,0.9052734375,0.0791015625
2501,2501,0,0,1,0.77490234375,0.77490234375
2502,2502,1,1,1,0.95361328125,0.95361328125
2503,2503,0,0,1,0.420166015625,0.420166015625
2504,2504,6,6,1,0.95703125,0.95703125
2505,2505,3,6,0,0.392822265625,0.287353515625
2506,2506,1,1,1,0.80419921875,0.80419921875
2507,2507,6,6,1,0.440673828125,0.440673828125
2508,2508,1,1,1,1.0,1.0
2509,2509,2,1,0,0.96630859375,0.0274200439453125
2510,2510,8,5,0,0.8173828125,0.11065673828125
2511,2511,7,7,1,0.9951171875,0.9951171875
2512,2512,2,1,0,0.94189453125,0.0312347412109375
2513,2513,0,6,0,0.576171875,0.145751953125
2514,2514,4,4,1,0.9970703125,0.9970703125
2515,2515,5,5,1,0.923828125,0.923828125
2516,2516,3,7,0,0.331787109375,0.00223541259765625
2517,2517,3,3,1,0.818359375,0.818359375
2518,2518,2,2,1,0.42138671875,0.42138671875
2519,2519,2,1,0,0.9697265625,0.0242767333984375
2520,2520,5,5,1,0.59619140625,0.59619140625
2521,2521,0,9,0,0.4990234375,0.111328125
2522,2522,0,6,0,0.70263671875,0.29296875
2523,2523,4,4,1,0.740234375,0.740234375
2524,2524,3,3,1,0.978515625,0.978515625
2525,2525,4,4,1,0.71142578125,0.71142578125
2526,2526,6,6,1,0.97705078125,0.97705078125
2527,2527,8,8,1,0.580078125,0.580078125
2528,2528,4,4,1,0.80126953125,0.80126953125
2529,2529,5,5,1,0.95263671875,0.95263671875
2530,2530,0,5,0,0.292236328125,0.2008056640625
2531,2531,3,7,0,0.8544921875,0.108642578125
2532,2532,8,4,0,0.93408203125,0.01418304443359375
2533,2533,0,9,0,0.89453125,0.0038909912109375
2534,2534,7,7,1,0.9990234375,0.9990234375
2535,2535,3,3,1,0.99462890625,0.99462890625
2536,2536,9,8,0,0.517578125,0.403076171875
2537,2537,6,6,1,0.7177734375,0.7177734375
2538,2538,0,0,1,0.740234375,0.740234375
2539,2539,5,5,1,0.7626953125,0.7626953125
2540,2540,6,5,0,0.54541015625,0.274169921875
2541,2541,8,5,0,0.30810546875,0.298583984375
2542,2542,3,3,1,1.0,1.0
2543,2543,2,2,1,0.962890625,0.962890625
2544,2544,9,9,1,0.90478515625,0.90478515625
2545,2545,8,6,0,0.323974609375,0.09881591796875
2546,2546,0,0,1,0.671875,0.671875
2547,2547,4,4,1,0.56787109375,0.56787109375
2548,2548,1,1,1,0.998046875,0.998046875
2549,2549,5,5,1,0.66650390625,0.66650390625
2550,2550,7,7,1,0.97998046875,0.97998046875
2551,2551,2,1,0,0.77685546875,0.1964111328125
2552,2552,9,9,1,0.693359375,0.693359375
2553,2553,1,9,0,0.52197265625,0.475341796875
2554,2554,4,4,1,0.99951171875,0.99951171875
2555,2555,7,7,1,0.99951171875,0.99951171875
2556,2556,1,1,1,0.9697265625,0.9697265625
2557,2557,6,0,0,0.51171875,0.48095703125
2558,2558,1,1,1,0.9951171875,0.9951171875
2559,2559,3,1,0,0.818359375,0.07379150390625
2560,2560,0,0,1,0.7958984375,0.7958984375
2561,2561,3,5,0,0.35888671875,0.01480865478515625
2562,2562,2,2,1,0.444580078125,0.444580078125
2563,2563,2,1,0,0.96923828125,0.0161590576171875
2564,2564,7,7,1,0.9638671875,0.9638671875
2565,2565,9,9,1,0.931640625,0.931640625
2566,2566,7,7,1,0.93017578125,0.93017578125
2567,2567,3,8,0,0.89111328125,0.0286407470703125
2568,2568,8,8,1,0.73046875,0.73046875
2569,2569,2,1,0,0.463134765625,0.02099609375
2570,2570,7,7,1,0.99560546875,0.99560546875
2571,2571,6,4,0,0.44677734375,0.326904296875
2572,2572,2,1,0,0.97705078125,0.003108978271484375
2573,2573,4,4,1,0.99658203125,0.99658203125
2574,2574,2,1,0,0.60595703125,0.1485595703125
2575,2575,2,1,0,0.9833984375,0.00850677490234375
2576,2576,7,7,1,0.998046875,0.998046875
2577,2577,0,6,0,0.51513671875,0.0982666015625
2578,2578,4,4,1,0.994140625,0.994140625
2579,2579,5,5,1,0.99853515625,0.99853515625
2580,2580,3,4,0,0.92138671875,0.052001953125
2581,2581,4,7,0,0.8623046875,0.136474609375
2582,2582,6,6,1,0.736328125,0.736328125
2583,2583,7,7,1,0.98828125,0.98828125
2584,2584,3,3,1,0.990234375,0.990234375
2585,2585,2,1,0,0.8447265625,0.0255126953125
2586,2586,9,9,1,0.955078125,0.955078125
2587,2587,3,3,1,1.0,1.0
2588,2588,3,7,0,0.8203125,0.0066680908203125
2589,2589,7,7,1,0.99365234375,0.99365234375
2590,2590,8,8,1,0.85400390625,0.85400390625
2591,2591,0,0,1,0.64794921875,0.64794921875
2592,2592,8,5,0,0.3310546875,0.31103515625
2593,2593,4,4,1,0.705078125,0.705078125
2594,2594,0,0,1,0.6748046875,0.6748046875
2595,2595,6,2,0,0.32763671875,0.12432861328125
2596,2596,7,7,1,0.9951171875,0.9951171875
2597,2597,2,1,0,0.96923828125,0.0095062255859375
2598,2598,0,0,1,0.282470703125,0.282470703125
2599,2599,0,6,0,0.52734375,0.1375732421875
2600,2600,7,7,1,0.7490234375,0.7490234375
2601,2601,6,6,1,0.9599609375,0.9599609375
2602,2602,1,1,1,0.998046875,0.998046875
2603,2603,2,1,0,0.6923828125,0.00957489013671875
2604,2604,4,4,1,0.93212890625,0.93212890625
2605,2605,8,8,1,0.6806640625,0.6806640625
2606,2606,3,7,0,0.787109375,0.10003662109375
2607,2607,9,9,1,0.8740234375,0.8740234375
2608,2608,3,3,1,0.472900390625,0.472900390625
2609,2609,4,4,1,0.83642578125,0.83642578125
2610,2610,9,9,1,0.986328125,0.986328125
2611,2611,1,1,1,0.814453125,0.814453125
2612,2612,3,1,0,0.80517578125,0.1314697265625
2613,2613,7,7,1,0.9990234375,0.9990234375
2614,2614,1,1,1,0.9990234375,0.9990234375
2615,2615,8,8,1,0.9921875,0.9921875
2616,2616,8,5,0,0.37744140625,0.37744140625
2617,2617,6,6,1,0.6474609375,0.6474609375
2618,2618,6,6,1,0.86279296875,0.86279296875
2619,2619,0,0,1,0.490234375,0.490234375
2620,2620,9,9,1,0.978515625,0.978515625
2621,2621,9,9,1,0.90283203125,0.90283203125
2622,2622,7,7,1,0.94287109375,0.94287109375
2623,2623,3,3,1,0.9501953125,0.9501953125
2624,2624,3,7,0,0.67529296875,0.002674102783203125
2625,2625,8,8,1,0.40234375,0.40234375
2626,2626,8,8,1,0.98291015625,0.98291015625
2627,2627,9,9,1,0.84375,0.84375
2628,2628,0,6,0,0.60009765625,0.250244140625
2629,2629,8,5,0,0.392333984375,0.0006475448608398438
2630,2630,6,6,1,0.98779296875,0.98779296875
2631,2631,2,1,0,0.359375,0.2047119140625
2632,2632,2,1,0,0.978515625,0.00846099853515625
2633,2633,0,0,1,0.673828125,0.673828125
2634,2634,1,9,0,0.8232421875,0.172607421875
2635,2635,2,1,0,0.93505859375,0.01253509521484375
2636,2636,4,4,1,0.8515625,0.8515625
2637,2637,0,0,1,0.30712890625,0.30712890625
2638,2638,1,1,1,0.99755859375,0.99755859375
2639,2639,4,4,1,0.9189453125,0.9189453125
2640,2640,3,7,0,0.654296875,0.14599609375
2641,2641,9,9,1,0.98046875,0.98046875
2642,2642,0,0,1,0.89892578125,0.89892578125
2643,2643,0,0,1,0.66162109375,0.66162109375
2644,2644,1,1,1,0.98388671875,0.98388671875
2645,2645,0,0,1,0.71533203125,0.71533203125
2646,2646,1,1,1,0.9990234375,0.9990234375
2647,2647,6,6,1,0.64697265625,0.64697265625
2648,2648,7,7,1,0.81689453125,0.81689453125
2649,2649,7,7,1,0.9990234375,0.9990234375
2650,2650,6,6,1,0.796875,0.796875
2651,2651,6,6,1,0.97509765625,0.97509765625
2652,2652,8,8,1,0.8720703125,0.8720703125
2653,2653,4,4,1,0.86328125,0.86328125
2654,2654,0,5,0,0.447265625,0.09375
2655,2655,6,6,1,0.458984375,0.458984375
2656,2656,1,1,1,0.99609375,0.99609375
2657,2657,0,1,0,0.410400390625,0.137451171875
2658,2658,9,9,1,0.91064453125,0.91064453125
2659,2659,8,8,1,0.97509765625,0.97509765625
2660,2660,7,7,1,0.9765625,0.9765625
2661,2661,1,1,1,0.955078125,0.955078125
2662,2662,6,4,0,0.50439453125,0.1915283203125
2663,2663,4,4,1,0.77685546875,0.77685546875
2664,2664,5,5,1,0.904296875,0.904296875
2665,2665,3,3,1,0.86474609375,0.86474609375
2666,2666,3,3,1,0.89697265625,0.89697265625
2667,2667,8,1,0,0.58642578125,0.20263671875
2668,2668,6,6,1,0.701171875,0.701171875
2669,2669,4,4,1,0.994140625,0.994140625
2670,2670,5,5,1,0.962890625,0.962890625
2671,2671,7,7,1,0.99853515625,0.99853515625
2672,2672,4,4,1,0.83544921875,0.83544921875
2673,2673,4,4,1,0.8955078125,0.8955078125
2674,2674,1,5,0,0.6328125,0.318115234375
2675,2675,7,7,1,0.998046875,0.998046875
2676,2676,2,5,0,0.307861328125,0.09393310546875
2677,2677,1,1,1,0.99951171875,0.99951171875
2678,2678,4,4,1,0.998046875,0.998046875
2679,2679,7,7,1,0.892578125,0.892578125
2680,2680,4,7,0,0.833984375,0.1641845703125
2681,2681,2,2,1,0.346923828125,0.346923828125
2682,2682,7,7,1,0.99755859375,0.99755859375
2683,2683,1,1,1,0.974609375,0.974609375
2684,2684,3,5,0,0.58544921875,0.0012035369873046875
2685,2685,3,3,1,0.99853515625,0.99853515625
2686,2686,6,6,1,0.85107421875,0.85107421875
2687,2687,7,7,1,0.99462890625,0.99462890625
2688,2688,6,6,1,0.70458984375,0.70458984375
2689,2689,7,1,0,0.465087890625,0.329833984375
2690,2690,4,4,1,0.998046875,0.998046875
2691,2691,4,4,1,0.98583984375,0.98583984375
2692,2692,6,6,1,0.96484375,0.96484375
2693,2693,4,4,1,0.97802734375,0.97802734375
2694,2694,6,7,0,0.66650390625,0.27783203125
2695,2695,5,1,0,0.6640625,0.28564453125
2696,2696,9,9,1,0.95703125,0.95703125
2697,2697,7,7,1,0.9970703125,0.9970703125
2698,2698,8,8,1,0.61474609375,0.61474609375
2699,2699,7,7,1,0.9990234375,0.9990234375
2700,2700,8,4,0,0.345458984375,0.304931640625
2701,2701,1,1,1,0.97119140625,0.97119140625
2702,2702,5,5,1,0.88916015625,0.88916015625
2703,2703,0,0,1,0.89208984375,0.89208984375
2704,2704,7,7,1,1.0,1.0
2705,2705,0,0,1,0.65234375,0.65234375
2706,2706,1,1,1,0.986328125,0.986328125
2707,2707,0,1,0,0.268798828125,0.112060546875
2708,2708,8,4,0,0.451904296875,0.28271484375
2709,2709,7,7,1,0.9814453125,0.9814453125
2710,2710,3,5,0,0.7666015625,0.00550079345703125
2711,2711,6,6,1,0.72998046875,0.72998046875
2712,2712,0,0,1,0.96337890625,0.96337890625
2713,2713,7,7,1,0.99853515625,0.99853515625
2714,2714,7,7,1,0.9970703125,0.9970703125
2715,2715,5,5,1,0.67431640625,0.67431640625
2716,2716,8,8,1,0.96728515625,0.96728515625
2717,2717,5,6,0,0.9365234375,0.04962158203125
2718,2718,0,0,1,0.6953125,0.6953125
2719,2719,6,6,1,0.86962890625,0.86962890625
2720,2720,1,1,1,0.98486328125,0.98486328125
2721,2721,2,2,1,0.73193359375,0.73193359375
2722,2722,2,5,0,0.93603515625,0.0012035369873046875
2723,2723,4,4,1,0.9970703125,0.9970703125
2724,2724,3,3,1,0.98974609375,0.98974609375
2725,2725,9,8,0,0.65673828125,0.234130859375
2726,2726,0,1,0,0.37158203125,0.091064453125
2727,2727,7,7,1,0.99951171875,0.99951171875
2728,2728,8,8,1,0.6416015625,0.6416015625
2729,2729,3,3,1,0.98193359375,0.98193359375
2730,2730,1,1,1,0.99658203125,0.99658203125
2731,2731,2,1,0,0.97265625,0.009246826171875
2732,2732,1,9,0,0.5205078125,0.473876953125
2733,2733,0,0,1,0.86279296875,0.86279296875
2734,2734,9,9,1,0.9931640625,0.9931640625
2735,2735,8,8,1,0.630859375,0.630859375
2736,2736,8,8,1,0.80810546875,0.80810546875
2737,2737,6,6,1,0.2783203125,0.2783203125
2738,2738,7,7,1,0.9921875,0.9921875
2739,2739,5,5,1,0.80078125,0.80078125
2740,2740,2,1,0,0.98681640625,0.0009284019470214844
2741,2741,1,1,1,0.97802734375,0.97802734375
2742,2742,7,7,1,0.99755859375,0.99755859375
2743,2743,8,8,1,0.986328125,0.986328125
2744,2744,8,8,1,0.77783203125,0.77783203125
2745,2745,1,1,1,1.0,1.0
2746,2746,3,4,0,0.5771484375,0.0689697265625
2747,2747,8,8,1,0.9580078125,0.9580078125
2748,2748,6,7,0,0.5732421875,0.0567626953125
2749,2749,6,2,0,0.818359375,0.10400390625
2750,2750,0,0,1,0.42041015625,0.42041015625
2751,2751,1,2,0,0.95751953125,0.037109375
2752,2752,1,1,1,0.994140625,0.994140625
2753,2753,3,4,0,0.51513671875,0.01036834716796875
2754,2754,8,8,1,0.9697265625,0.9697265625
2755,2755,0,0,1,0.75439453125,0.75439453125
2756,2756,1,1,1,0.69091796875,0.69091796875
2757,2757,2,2,1,0.78515625,0.78515625
2758,2758,3,4,0,0.56494140625,0.042236328125
2759,2759,6,6,1,0.52880859375,0.52880859375
2760,2760,5,5,1,0.4306640625,0.4306640625
2761,2761,8,8,1,0.9296875,0.9296875
2762,2762,7,7,1,0.90185546875,0.90185546875
2763,2763,9,9,1,0.84521484375,0.84521484375
2764,2764,1,1,1,0.9833984375,0.9833984375
2765,2765,2,1,0,0.81787109375,0.061126708984375
2766,2766,8,5,0,0.5302734375,0.013275146484375
2767,2767,1,1,1,0.998046875,0.998046875
2768,2768,2,1,0,0.96337890625,0.0160675048828125
2769,2769,2,2,1,0.3662109375,0.3662109375
2770,2770,7,7,1,0.9814453125,0.9814453125
2771,2771,3,3,1,0.6904296875,0.6904296875
2772,2772,9,9,1,0.99267578125,0.99267578125
2773,2773,9,9,1,0.92822265625,0.92822265625
2774,2774,7,7,1,0.99951171875,0.99951171875
2775,2775,7,7,1,0.92236328125,0.92236328125
2776,2776,7,7,1,0.95751953125,0.95751953125
2777,2777,1,1,1,0.9970703125,0.9970703125
2778,2778,8,8,1,0.9970703125,0.9970703125
2779,2779,8,3,0,0.427978515625,0.12261962890625
2780,2780,1,1,1,0.86328125,0.86328125
2781,2781,3,3,1,0.9501953125,0.9501953125
2782,2782,4,4,1,0.705078125,0.705078125
2783,2783,9,9,1,0.94384765625,0.94384765625
2784,2784,0,6,0,0.904296875,0.08953857421875
2785,2785,3,4,0,0.73583984375,0.07757568359375
2786,2786,7,7,1,0.99755859375,0.99755859375
2787,2787,3,3,1,0.396728515625,0.396728515625
2788,2788,2,1,0,0.97119140625,0.0017070770263671875
2789,2789,2,1,0,0.96142578125,0.022613525390625
2790,2790,2,2,1,0.57373046875,0.57373046875
2791,2791,5,5,1,0.98681640625,0.98681640625
2792,2792,8,8,1,0.71337890625,0.71337890625
2793,2793,2,1,0,0.49609375,0.28271484375
2794,2794,1,1,1,0.97705078125,0.97705078125
2795,2795,5,5,1,0.96337890625,0.96337890625
2796,2796,9,9,1,0.9814453125,0.9814453125
2797,2797,9,9,1,0.8466796875,0.8466796875
2798,2798,4,4,1,0.86669921875,0.86669921875
2799,2799,7,7,1,0.99267578125,0.99267578125
2800,2800,6,6,1,0.67822265625,0.67822265625
2801,2801,4,4,1,0.64453125,0.64453125
2802,2802,8,4,0,0.93603515625,0.046600341796875
2803,2803,2,1,0,0.5,0.1573486328125
2804,2804,1,1,1,0.99365234375,0.99365234375
2805,2805,7,2,0,0.66748046875,0.2783203125
2806,2806,9,9,1,0.99755859375,0.99755859375
2807,2807,2,3,0,0.51904296875,0.0024051666259765625
2808,2808,1,1,1,0.939453125,0.939453125
2809,2809,8,1,0,0.400390625,0.38818359375
2810,2810,2,1,0,0.9052734375,0.0791015625
2811,2811,1,1,1,0.9912109375,0.9912109375
2812,2812,7,7,1,0.99951171875,0.99951171875
2813,2813,1,1,1,0.9990234375,0.9990234375
2814,2814,8,8,1,0.93701171875,0.93701171875
2815,2815,9,9,1,0.97412109375,0.97412109375
2816,2816,6,6,1,0.892578125,0.892578125
2817,2817,3,3,1,0.96435546875,0.96435546875
2818,2818,6,6,1,0.390869140625,0.390869140625
2819,2819,4,4,1,0.59228515625,0.59228515625
2820,2820,0,6,0,0.54296875,0.449951171875
2821,2821,6,6,1,0.61279296875,0.61279296875
2822,2822,3,3,1,0.77001953125,0.77001953125
2823,2823,8,5,0,0.283935546875,0.043548583984375
2824,2824,0,6,0,0.57177734375,0.336181640625
2825,2825,6,6,1,0.72998046875,0.72998046875
2826,2826,3,4,0,0.95703125,0.0002923011779785156
2827,2827,5,5,1,0.6962890625,0.6962890625
2828,2828,6,6,1,0.7783203125,0.7783203125
2829,2829,7,7,1,0.98974609375,0.98974609375
2830,2830,6,6,1,0.94873046875,0.94873046875
2831,2831,0,6,0,0.51025390625,0.309326171875
2832,2832,0,6,0,0.3779296875,0.1624755859375
2833,2833,5,5,1,0.98291015625,0.98291015625
2834,2834,2,1,0,0.69287109375,0.01393890380859375
2835,2835,7,7,1,0.99853515625,0.99853515625
2836,2836,9,9,1,0.99365234375,0.99365234375
2837,2837,1,1,1,0.9990234375,0.9990234375
2838,2838,0,6,0,0.37646484375,0.2213134765625
2839,2839,2,8,0,0.41748046875,0.1971435546875
2840,2840,0,1,0,0.38232421875,0.1983642578125
2841,2841,2,1,0,0.63720703125,0.2344970703125
2842,2842,0,5,0,0.36572265625,0.30322265625
2843,2843,9,9,1,0.94140625,0.94140625
2844,2844,9,9,1,0.9228515625,0.9228515625
2845,2845,0,0,1,0.338134765625,0.338134765625
2846,2846,3,3,1,0.8310546875,0.8310546875
2847,2847,5,5,1,0.931640625,0.931640625
2848,2848,6,6,1,0.943359375,0.943359375
2849,2849,9,9,1,0.974609375,0.974609375
2850,2850,0,0,1,0.4404296875,0.4404296875
2851,2851,0,4,0,0.375244140625,0.1180419921875
2852,2852,6,5,0,0.4375,0.398193359375
2853,2853,4,4,1,0.99072265625,0.99072265625
2854,2854,3,3,1,0.9404296875,0.9404296875
2855,2855,5,1,0,0.59423828125,0.12457275390625
2856,2856,7,7,1,0.99609375,0.99609375
2857,2857,4,7,0,0.830078125,0.168701171875
2858,2858,4,7,0,0.98046875,0.01971435546875
2859,2859,9,9,1,0.98388671875,0.98388671875
2860,2860,3,3,1,1.0,1.0
2861,2861,4,7,0,0.9033203125,0.083984375
2862,2862,7,7,1,0.99951171875,0.99951171875
2863,2863,4,4,1,0.99609375,0.99609375
2864,2864,9,9,1,0.958984375,0.958984375
2865,2865,0,8,0,0.2744140625,0.1947021484375
2866,2866,7,7,1,0.99951171875,0.99951171875
2867,2867,1,1,1,0.99951171875,0.99951171875
2868,2868,1,1,1,0.9775390625,0.9775390625
2869,2869,9,9,1,0.98779296875,0.98779296875
2870,2870,1,1,1,0.9931640625,0.9931640625
2871,2871,2,8,0,0.646484375,0.011474609375
2872,2872,1,1,1,0.93701171875,0.93701171875
2873,2873,2,6,0,0.324462890625,0.1053466796875
2874,2874,4,4,1,0.9443359375,0.9443359375
2875,2875,5,5,1,0.939453125,0.939453125
2876,2876,0,6,0,0.2164306640625,0.1910400390625
2877,2877,2,1,0,0.99609375,0.002468109130859375
2878,2878,2,1,0,0.9287109375,0.01284027099609375
2879,2879,2,1,0,0.83642578125,0.001110076904296875
2880,2880,4,4,1,0.98974609375,0.98974609375
2881,2881,2,1,0,0.96923828125,0.01219940185546875
2882,2882,6,6,1,0.7265625,0.7265625
2883,2883,0,0,1,0.86181640625,0.86181640625
2884,2884,3,4,0,0.416748046875,0.0021877288818359375
2885,2885,8,8,1,0.96435546875,0.96435546875
2886,2886,9,9,1,0.96923828125,0.96923828125
2887,2887,2,1,0,0.63134765625,0.060577392578125
2888,2888,1,1,1,0.9931640625,0.9931640625
2889,2889,6,5,0,0.76513671875,0.1761474609375
2890,2890,2,1,0,0.93017578125,0.0576171875
2891,2891,8,8,1,0.97265625,0.97265625
2892,2892,8,1,0,0.5244140625,0.462646484375
2893,2893,9,9,1,0.96923828125,0.96923828125
2894,2894,0,6,0,0.350341796875,0.339599609375
2895,2895,6,6,1,0.712890625,0.712890625
2896,2896,7,7,1,0.9501953125,0.9501953125
2897,2897,4,4,1,0.8740234375,0.8740234375
2898,2898,6,6,1,0.81787109375,0.81787109375
2899,2899,9,9,1,0.9873046875,0.9873046875
2900,2900,1,9,0,0.6728515625,0.31787109375
2901,2901,0,0,1,0.1795654296875,0.1795654296875
2902,2902,9,9,1,0.97802734375,0.97802734375
2903,2903,3,3,1,0.609375,0.609375
2904,2904,3,6,0,0.28515625,0.1082763671875
2905,2905,7,7,1,0.9990234375,0.9990234375
2906,2906,9,9,1,0.94873046875,0.94873046875
2907,2907,4,4,1,0.6787109375,0.6787109375
2908,2908,6,6,1,0.97607421875,0.97607421875
2909,2909,7,7,1,0.94580078125,0.94580078125
2910,2910,2,1,0,0.85498046875,0.029266357421875
2911,2911,9,9,1,0.98974609375,0.98974609375
2912,2912,3,3,1,0.970703125,0.970703125
2913,2913,3,3,1,0.81005859375,0.81005859375
2914,2914,3,7,0,0.765625,0.0135955810546875
2915,2915,5,5,1,0.64794921875,0.64794921875
2916,2916,2,1,0,0.919921875,0.006198883056640625
2917,2917,4,4,1,0.98779296875,0.98779296875
2918,2918,9,9,1,0.9970703125,0.9970703125
2919,2919,6,6,1,0.87890625,0.87890625
2920,2920,5,5,1,0.98388671875,0.98388671875
2921,2921,2,1,0,0.96142578125,0.003360748291015625
2922,2922,2,1,0,0.9541015625,0.0093536376953125
2923,2923,4,7,0,0.54638671875,0.452880859375
2924,2924,2,2,1,0.59375,0.59375
2925,2925,6,0,0,0.6240234375,0.16796875
2926,2926,9,9,1,0.9638671875,0.9638671875
2927,2927,3,3,1,0.998046875,0.998046875
2928,2928,7,7,1,0.93798828125,0.93798828125
2929,2929,0,0,1,0.424072265625,0.424072265625
2930,2930,1,1,1,0.99951171875,0.99951171875
2931,2931,2,1,0,0.96533203125,0.007843017578125
2932,2932,3,3,1,0.71630859375,0.71630859375
2933,2933,2,1,0,0.51171875,0.3984375
2934,2934,2,1,0,0.87158203125,0.10089111328125
2935,2935,0,5,0,0.3544921875,0.17822265625
2936,2936,8,8,1,0.9072265625,0.9072265625
2937,2937,6,6,1,0.82080078125,0.82080078125
2938,2938,0,0,1,0.5087890625,0.5087890625
2939,2939,7,7,1,0.99072265625,0.99072265625
2940,2940,7,7,1,0.8662109375,0.8662109375
2941,2941,3,3,1,0.92041015625,0.92041015625
2942,2942,1,2,0,0.94970703125,0.050323486328125
2943,2943,4,4,1,0.75341796875,0.75341796875
2944,2944,0,6,0,0.47509765625,0.1541748046875
2945,2945,1,1,1,0.59765625,0.59765625
2946,2946,4,7,0,0.73095703125,0.268798828125
2947,2947,1,1,1,0.98974609375,0.98974609375
2948,2948,7,7,1,0.9990234375,0.9990234375
2949,2949,0,0,1,0.33984375,0.33984375
2950,2950,0,2,0,0.37353515625,0.1878662109375
2951,2951,5,5,1,0.95361328125,0.95361328125
2952,2952,7,7,1,0.9580078125,0.9580078125
2953,2953,5,5,1,0.70703125,0.70703125
2954,2954,9,9,1,0.8603515625,0.8603515625
2955,2955,1,1,1,0.998046875,0.998046875
2956,2956,6,4,0,0.84765625,0.1300048828125
2957,2957,0,0,1,0.7314453125,0.7314453125
2958,2958,9,9,1,0.91357421875,0.91357421875
2959,2959,8,8,1,0.9990234375,0.9990234375
2960,2960,0,5,0,0.390625,0.036346435546875
2961,2961,3,3,1,0.576171875,0.576171875
2962,2962,5,5,1,0.98291015625,0.98291015625
2963,2963,0,0,1,0.88623046875,0.88623046875
2964,2964,7,7,1,0.99609375,0.99609375
2965,2965,6,2,0,0.77783203125,0.01145172119140625
2966,2966,0,5,0,0.59033203125,0.0455322265625
2967,2967,3,1,0,0.43310546875,0.0089874267578125
2968,2968,6,4,0,0.83935546875,0.04736328125
2969,2969,9,9,1,0.9736328125,0.9736328125
2970,2970,0,6,0,0.693359375,0.1282958984375
2971,2971,6,6,1,0.546875,0.546875
2972,2972,4,4,1,0.97412109375,0.97412109375
2973,2973,4,4,1,0.75244140625,0.75244140625
2974,2974,3,5,0,0.462646484375,0.009307861328125
2975,2975,9,9,1,0.98388671875,0.98388671875
2976,2976,5,5,1,0.96630859375,0.96630859375
2977,2977,6,6,1,0.83935546875,0.83935546875
2978,2978,7,1,0,0.60693359375,0.2164306640625
2979,2979,7,7,1,0.86669921875,0.86669921875
2980,2980,1,1,1,0.9951171875,0.9951171875
2981,2981,6,6,1,0.8017578125,0.8017578125
2982,2982,1,1,1,0.9912109375,0.9912109375
2983,2983,8,1,0,0.44482421875,0.1912841796875
2984,2984,9,9,1,0.98486328125,0.98486328125
2985,2985,4,4,1,0.98974609375,0.98974609375
2986,2986,4,4,1,0.99072265625,0.99072265625
2987,2987,6,6,1,0.9150390625,0.9150390625
2988,2988,3,3,1,0.55908203125,0.55908203125
2989,2989,6,2,0,0.45458984375,0.172607421875
2990,2990,2,1,0,0.6064453125,0.0156707763671875
2991,2991,6,6,1,0.857421875,0.857421875
2992,2992,2,2,1,0.65869140625,0.65869140625
2993,2993,2,1,0,0.46435546875,0.006031036376953125
2994,2994,3,5,0,0.413818359375,0.0212554931640625
2995,2995,6,6,1,0.97705078125,0.97705078125
2996,2996,0,9,0,0.775390625,0.0206756591796875
2997,2997,8,8,1,0.99951171875,0.99951171875
2998,2998,9,9,1,0.95556640625,0.95556640625
2999,2999,7,7,1,0.99462890625,0.99462890625
3000,3000,1,1,1,0.841796875,0.841796875
3001,3001,3,4,0,0.9384765625,0.0005354881286621094
3002,3002,2,1,0,0.9658203125,0.01512908935546875
3003,3003,1,1,1,0.97021484375,0.97021484375
3004,3004,7,7,1,0.99560546875,0.99560546875
3005,3005,4,4,1,0.966796875,0.966796875
3006,3006,0,9,0,0.405517578125,0.0267486572265625
3007,3007,8,8,1,0.53125,0.53125
3008,3008,3,3,1,0.73046875,0.73046875
3009,3009,5,5,1,0.466796875,0.466796875
3010,3010,6,6,1,0.82421875,0.82421875
3011,3011,6,3,0,0.45703125,0.035247802734375
3012,3012,9,9,1,0.9970703125,0.9970703125
3013,3013,0,9,0,0.673828125,0.048797607421875
3014,3014,0,6,0,0.421142578125,0.28955078125
3015,3015,8,8,1,0.91650390625,0.91650390625
3016,3016,8,8,1,0.974609375,0.974609375
3017,3017,8,8,1,0.9951171875,0.9951171875
3018,3018,3,4,0,0.57177734375,0.15380859375
3019,3019,4,4,1,0.68505859375,0.68505859375
3020,3020,9,9,1,0.99853515625,0.99853515625
3021,3021,7,7,1,0.6923828125,0.6923828125
3022,3022,8,8,1,0.740234375,0.740234375
3023,3023,6,6,1,0.53076171875,0.53076171875
3024,3024,6,0,0,0.58935546875,0.25341796875
3025,3025,2,1,0,0.97412109375,0.003101348876953125
3026,3026,0,0,1,0.2261962890625,0.2261962890625
3027,3027,4,4,1,0.7529296875,0.7529296875
3028,3028,0,0,1,0.50341796875,0.50341796875
3029,3029,5,5,1,0.95361328125,0.95361328125
3030,3030,6,7,0,0.9716796875,0.0084075927734375
3031,3031,8,5,0,0.546875,0.3759765625
3032,3032,1,1,1,0.99951171875,0.99951171875
3033,3033,7,7,1,0.6845703125,0.6845703125
3034,3034,7,2,0,0.56201171875,0.3984375
3035,3035,1,2,0,0.98046875,0.0191192626953125
3036,3036,3,3,1,0.98095703125,0.98095703125
3037,3037,7,7,1,0.99755859375,0.99755859375
3038,3038,8,8,1,0.9638671875,0.9638671875
3039,3039,9,9,1,0.99169921875,0.99169921875
3040,3040,0,0,1,0.69482421875,0.69482421875
3041,3041,4,4,1,0.998046875,0.998046875
3042,3042,9,9,1,0.98291015625,0.98291015625
3043,3043,1,1,1,0.9912109375,0.9912109375
3044,3044,5,5,1,0.87451171875,0.87451171875
3045,3045,1,1,1,0.89501953125,0.89501953125
3046,3046,2,1,0,0.62353515625,0.003376007080078125
3047,3047,7,7,1,0.95068359375,0.95068359375
3048,3048,1,1,1,0.99072265625,0.99072265625
3049,3049,2,1,0,0.8310546875,0.0207977294921875
3050,3050,5,5,1,0.859375,0.859375
3051,3051,1,1,1,0.9912109375,0.9912109375
3052,3052,4,7,0,0.515625,0.484130859375
3053,3053,0,0,1,0.5400390625,0.5400390625
3054,3054,3,6,0,0.68408203125,0.0125274658203125
3055,3055,5,5,1,0.4873046875,0.4873046875
3056,3056,1,1,1,0.9462890625,0.9462890625
3057,3057,8,4,0,0.63232421875,0.298583984375
3058,3058,6,6,1,0.91162109375,0.91162109375
3059,3059,7,7,1,0.98876953125,0.98876953125
3060,3060,3,3,1,0.7314453125,0.7314453125
3061,3061,3,3,1,0.9462890625,0.9462890625
3062,3062,0,5,0,0.52197265625,0.08001708984375
3063,3063,8,1,0,0.88427734375,0.00982666015625
3064,3064,8,8,1,0.94482421875,0.94482421875
3065,3065,3,3,1,0.63427734375,0.63427734375
3066,3066,8,1,0,0.654296875,0.290283203125
3067,3067,1,1,1,0.9912109375,0.9912109375
3068,3068,1,1,1,0.99951171875,0.99951171875
3069,3069,6,6,1,0.740234375,0.740234375
3070,3070,2,2,1,0.5166015625,0.5166015625
3071,3071,7,7,1,0.90380859375,0.90380859375
3072,3072,8,8,1,0.92138671875,0.92138671875
3073,3073,8,8,1,0.998046875,0.998046875
3074,3074,2,2,1,0.7275390625,0.7275390625
3075,3075,9,9,1,0.9541015625,0.9541015625
3076,3076,0,1,0,0.65185546875,0.029541015625
3077,3077,7,7,1,0.9599609375,0.9599609375
3078,3078,7,7,1,0.994140625,0.994140625
3079,3079,1,1,1,0.6611328125,0.6611328125
3080,3080,0,0,1,0.82666015625,0.82666015625
3081,3081,2,1,0,0.60546875,0.1966552734375
3082,3082,9,9,1,0.7529296875,0.7529296875
3083,3083,0,0,1,0.912109375,0.912109375
3084,3084,9,9,1,0.9951171875,0.9951171875
3085,3085,2,1,0,0.94677734375,0.047119140625
3086,3086,2,5,0,0.5146484375,0.0073394775390625
3087,3087,9,9,1,0.98828125,0.98828125
3088,3088,3,5,0,0.81494140625,0.00750732421875
3089,3089,9,9,1,0.95849609375,0.95849609375
3090,3090,2,1,0,0.6650390625,0.24462890625
3091,3091,5,5,1,0.955078125,0.955078125
3092,3092,4,7,0,0.82666015625,0.1732177734375
3093,3093,2,1,0,0.95263671875,0.034698486328125
3094,3094,6,6,1,0.6513671875,0.6513671875
3095,3095,2,1,0,0.7841796875,0.039031982421875
3096,3096,4,4,1,0.8173828125,0.8173828125
3097,3097,5,5,1,0.94873046875,0.94873046875
3098,3098,0,3,0,0.287109375,0.07257080078125
3099,3099,1,1,1,0.9990234375,0.9990234375
3100,3100,7,8,0,0.5537109375,0.405029296875
3101,3101,4,4,1,0.9970703125,0.9970703125
3102,3102,6,6,1,0.951171875,0.951171875
3103,3103,7,7,1,1.0,1.0
3104,3104,1,1,1,0.765625,0.765625
3105,3105,1,1,1,0.99609375,0.99609375
3106,3106,2,1,0,0.900390625,0.04925537109375
3107,3107,5,5,1,0.63134765625,0.63134765625
3108,3108,7,7,1,0.88427734375,0.88427734375
3109,3109,1,1,1,0.97314453125,0.97314453125
3110,3110,7,7,1,1.0,1.0
3111,3111,1,1,1,0.99755859375,0.99755859375
3112,3112,1,1,1,0.99755859375,0.99755859375
3113,3113,0,1,0,0.406494140625,0.020233154296875
3114,3114,2,1,0,0.57861328125,0.030670166015625
3115,3115,3,3,1,0.66650390625,0.66650390625
3116,3116,9,9,1,0.99462890625,0.99462890625
3117,3117,1,1,1,0.998046875,0.998046875
3118,3118,7,7,1,0.82958984375,0.82958984375
3119,3119,1,1,1,0.9990234375,0.9990234375
3120,3120,9,9,1,0.98828125,0.98828125
3121,3121,7,7,1,0.9111328125,0.9111328125
3122,3122,1,1,1,0.7880859375,0.7880859375
3123,3123,4,4,1,0.99609375,0.99609375
3124,3124,7,7,1,0.71875,0.71875
3125,3125,3,4,0,0.9658203125,0.0027141571044921875
3126,3126,9,9,1,0.99755859375,0.99755859375
3127,3127,9,9,1,0.9970703125,0.9970703125
3128,3128,3,3,1,0.96728515625,0.96728515625
3129,3129,0,0,1,0.69189453125,0.69189453125
3130,3130,5,1,0,0.83544921875,0.005992889404296875
3131,3131,7,7,1,0.97412109375,0.97412109375
3132,3132,6,0,0,0.669921875,0.1494140625
3133,3133,2,1,0,0.50146484375,0.294677734375
3134,3134,6,6,1,0.5888671875,0.5888671875
3135,3135,8,8,1,0.71044921875,0.71044921875
3136,3136,0,6,0,0.6103515625,0.3701171875
3137,3137,5,5,1,0.51953125,0.51953125
3138,3138,3,3,1,0.84619140625,0.84619140625
3139,3139,5,5,1,0.97216796875,0.97216796875
3140,3140,3,4,0,0.86865234375,0.0120086669921875
3141,3141,8,8,1,0.97412109375,0.97412109375
3142,3142,8,8,1,0.99853515625,0.99853515625
3143,3143,6,2,0,0.69091796875,0.035491943359375
3144,3144,1,9,0,0.5888671875,0.40478515625
3145,3145,9,9,1,0.8974609375,0.8974609375
3146,3146,5,5,1,0.9443359375,0.9443359375
3147,3147,9,9,1,0.98828125,0.98828125
3148,3148,1,1,1,0.98681640625,0.98681640625
3149,3149,1,1,1,0.91259765625,0.91259765625
3150,3150,1,1,1,0.89306640625,0.89306640625
3151,3151,5,5,1,0.92431640625,0.92431640625
3152,3152,5,5,1,0.919921875,0.919921875
3153,3153,4,4,1,0.99853515625,0.99853515625
3154,3154,2,1,0,0.3916015625,0.295654296875
3155,3155,8,8,1,0.99365234375,0.99365234375
3156,3156,9,9,1,0.9697265625,0.9697265625
3157,3157,6,6,1,0.50537109375,0.50537109375
3158,3158,0,0,1,0.70703125,0.70703125
3159,3159,1,1,1,0.93310546875,0.93310546875
3160,3160,8,1,0,0.424560546875,0.0239410400390625
3161,3161,4,4,1,0.9931640625,0.9931640625
3162,3162,9,9,1,0.9443359375,0.9443359375
3163,3163,4,4,1,0.85400390625,0.85400390625
3164,3164,0,6,0,0.323486328125,0.1480712890625
3165,3165,7,4,0,0.65673828125,0.1376953125
3166,3166,7,7,1,1.0,1.0
3167,3167,4,4,1,0.98291015625,0.98291015625
3168,3168,2,3,0,0.412353515625,0.09796142578125
3169,3169,7,7,1,0.7666015625,0.7666015625
3170,3170,2,1,0,0.798828125,0.054351806640625
3171,3171,7,7,1,0.9462890625,0.9462890625
3172,3172,1,1,1,0.994140625,0.994140625
3173,3173,0,6,0,0.441162109375,0.1431884765625
3174,3174,7,7,1,0.89306640625,0.89306640625
3175,3175,5,5,1,0.91552734375,0.91552734375
3176,3176,4,4,1,0.94091796875,0.94091796875
3177,3177,2,2,1,0.82080078125,0.82080078125
3178,3178,8,8,1,0.8720703125,0.8720703125
3179,3179,6,6,1,0.80859375,0.80859375
3180,3180,7,5,0,0.46435546875,0.10357666015625
3181,3181,2,1,0,0.88818359375,0.029449462890625
3182,3182,5,1,0,0.8349609375,0.1280517578125
3183,3183,5,5,1,0.798828125,0.798828125
3184,3184,2,1,0,0.79345703125,0.07855224609375
3185,3185,9,9,1,0.9853515625,0.9853515625
3186,3186,3,3,1,0.53662109375,0.53662109375
3187,3187,0,0,1,0.85302734375,0.85302734375
3188,3188,4,4,1,0.67529296875,0.67529296875
3189,3189,5,5,1,0.810546875,0.810546875
3190,3190,6,6,1,0.986328125,0.986328125
3191,3191,1,1,1,0.7548828125,0.7548828125
3192,3192,0,3,0,0.254150390625,0.0877685546875
3193,3193,7,7,1,0.93115234375,0.93115234375
3194,3194,8,8,1,0.98193359375,0.98193359375
3195,3195,9,9,1,0.9873046875,0.9873046875
3196,3196,9,9,1,0.98828125,0.98828125
3197,3197,2,1,0,0.8828125,0.023529052734375
3198,3198,2,2,1,0.78173828125,0.78173828125
3199,3199,9,9,1,0.98681640625,0.98681640625
3200,3200,2,1,0,0.73095703125,0.20947265625
3201,3201,8,8,1,0.99267578125,0.99267578125
3202,3202,0,6,0,0.49560546875,0.2132568359375
3203,3203,9,9,1,0.78515625,0.78515625
3204,3204,6,6,1,0.8525390625,0.8525390625
3205,3205,2,1,0,0.89501953125,0.0609130859375
3206,3206,9,9,1,0.794921875,0.794921875
3207,3207,6,6,1,0.42724609375,0.42724609375
3208,3208,2,1,0,0.96728515625,0.0021152496337890625
3209,3209,1,1,1,0.99755859375,0.99755859375
3210,3210,2,2,1,0.548828125,0.548828125
3211,3211,7,7,1,0.9970703125,0.9970703125
3212,3212,4,4,1,1.0,1.0
3213,3213,7,7,1,0.99169921875,0.99169921875
3214,3214,1,1,1,0.85986328125,0.85986328125
3215,3215,1,1,1,0.9970703125,0.9970703125
3216,3216,1,1,1,0.71533203125,0.71533203125
3217,3217,6,6,1,0.96728515625,0.96728515625
3218,3218,5,5,1,0.86376953125,0.86376953125
3219,3219,0,5,0,0.3212890625,0.046295166015625
3220,3220,1,1,1,0.9931640625,0.9931640625
3221,3221,2,1,0,0.85009765625,0.13037109375
3222,3222,6,5,0,0.46142578125,0.280029296875
3223,3223,9,9,1,0.908203125,0.908203125
3224,3224,6,1,0,0.427978515625,0.2021484375
3225,3225,4,4,1,0.97021484375,0.97021484375
3226,3226,3,4,0,0.8388671875,0.002285003662109375
3227,3227,4,4,1,0.99658203125,0.99658203125
3228,3228,0,0,1,0.90771484375,0.90771484375
3229,3229,0,1,0,0.308837890625,0.1328125
3230,3230,4,4,1,0.98681640625,0.98681640625
3231,3231,3,5,0,0.6826171875,0.0281829833984375
3232,3232,0,0,1,0.7275390625,0.7275390625
3233,3233,7,7,1,0.99072265625,0.99072265625
3234,3234,7,7,1,0.9775390625,0.9775390625
3235,3235,8,5,0,0.433349609375,0.31689453125
3236,3236,1,2,0,0.7177734375,0.281005859375
3237,3237,7,7,1,0.99658203125,0.99658203125
3238,3238,7,7,1,0.9521484375,0.9521484375
3239,3239,9,9,1,0.98193359375,0.98193359375
3240,3240,5,5,1,0.67724609375,0.67724609375
3241,3241,0,0,1,0.70458984375,0.70458984375
3242,3242,1,1,1,1.0,1.0
3243,3243,2,5,0,0.453857421875,0.0290069580078125
3244,3244,0,0,1,0.481201171875,0.481201171875
3245,3245,1,1,1,0.6962890625,0.6962890625
3246,3246,2,3,0,0.311767578125,0.25048828125
3247,3247,4,4,1,0.99560546875,0.99560546875
3248,3248,2,1,0,0.9931640625,0.0019168853759765625
3249,3249,3,3,1,0.962890625,0.962890625
3250,3250,1,1,1,0.876953125,0.876953125
3251,3251,4,4,1,0.984375,0.984375
3252,3252,2,1,0,0.8701171875,0.06304931640625
3253,3253,4,4,1,1.0,1.0
3254,3254,6,6,1,0.54345703125,0.54345703125
3255,3255,3,4,0,0.974609375,0.0063629150390625
3256,3256,6,6,1,0.89453125,0.89453125
3257,3257,0,6,0,0.59228515625,0.4072265625
3258,3258,3,3,1,0.2646484375,0.2646484375
3259,3259,0,5,0,0.258544921875,0.138427734375
3260,3260,0,0,1,0.6298828125,0.6298828125
3261,3261,3,3,1,0.99951171875,0.99951171875
3262,3262,2,6,0,0.29443359375,0.1480712890625
3263,3263,8,8,1,0.9892578125,0.9892578125
3264,3264,3,3,1,0.7138671875,0.7138671875
3265,3265,7,7,1,0.95703125,0.95703125
3266,3266,2,1,0,0.70458984375,0.251220703125
3267,3267,0,0,1,0.90234375,0.90234375
3268,3268,4,7,0,0.91259765625,0.0682373046875
3269,3269,7,7,1,0.9892578125,0.9892578125
3270,3270,0,2,0,0.2724609375,0.136962890625
3271,3271,8,4,0,0.8427734375,0.12139892578125
3272,3272,4,4,1,0.9912109375,0.9912109375
3273,3273,9,9,1,0.994140625,0.994140625
3274,3274,7,7,1,0.9453125,0.9453125
3275,3275,6,5,0,0.462890625,0.434814453125
3276,3276,7,7,1,0.9736328125,0.9736328125
3277,3277,6,6,1,0.92578125,0.92578125
3278,3278,7,7,1,0.97509765625,0.97509765625
3279,3279,7,7,1,0.83837890625,0.83837890625
3280,3280,3,5,0,0.86181640625,0.0015630722045898438
3281,3281,7,7,1,0.9853515625,0.9853515625
3282,3282,0,0,1,0.7294921875,0.7294921875
3283,3283,9,9,1,0.93310546875,0.93310546875
3284,3284,8,5,0,0.48095703125,0.009979248046875
3285,3285,4,4,1,0.970703125,0.970703125
3286,3286,4,4,1,1.0,1.0
3287,3287,8,8,1,1.0,1.0
3288,3288,5,5,1,0.92041015625,0.92041015625
3289,3289,9,9,1,0.998046875,0.998046875
3290,3290,5,5,1,0.6953125,0.6953125
3291,3291,2,1,0,0.346435546875,0.058319091796875
3292,3292,0,0,1,0.48095703125,0.48095703125
3293,3293,0,6,0,0.46337890625,0.422119140625
3294,3294,9,9,1,0.98779296875,0.98779296875
3295,3295,0,0,1,0.81787109375,0.81787109375
3296,3296,6,6,1,0.67578125,0.67578125
3297,3297,6,6,1,0.86572265625,0.86572265625
3298,3298,8,8,1,0.91455078125,0.91455078125
3299,3299,4,4,1,0.99853515625,0.99853515625
3300,3300,0,5,0,0.2119140625,0.1702880859375
3301,3301,7,7,1,0.85693359375,0.85693359375
3302,3302,7,7,1,0.9921875,0.9921875
3303,3303,9,9,1,0.98779296875,0.98779296875
3304,3304,7,2,0,0.419189453125,0.358642578125
3305,3305,2,1,0,0.7900390625,0.1656494140625
3306,3306,7,7,1,0.90185546875,0.90185546875
3307,3307,6,8,0,0.93896484375,0.043914794921875
3308,3308,4,4,1,0.9990234375,0.9990234375
3309,3309,6,6,1,0.83447265625,0.83447265625
3310,3310,2,1,0,0.70703125,0.10186767578125
3311,3311,2,9,0,0.54443359375,0.0254669189453125
3312,3312,2,1,0,0.9775390625,0.011566162109375
3313,3313,5,5,1,0.935546875,0.935546875
3314,3314,7,7,1,0.99462890625,0.99462890625
3315,3315,1,1,1,0.92138671875,0.92138671875
3316,3316,9,9,1,0.98779296875,0.98779296875
3317,3317,2,1,0,0.98193359375,0.00414276123046875
3318,3318,0,0,1,0.59765625,0.59765625
3319,3319,5,5,1,0.94140625,0.94140625
3320,3320,6,2,0,0.55419921875,0.1689453125
3321,3321,3,3,1,0.5048828125,0.5048828125
3322,3322,7,7,1,0.998046875,0.998046875
3323,3323,8,8,1,0.95556640625,0.95556640625
3324,3324,6,0,0,0.74853515625,0.177734375
3325,3325,3,3,1,0.6044921875,0.6044921875
3326,3326,1,1,1,0.67333984375,0.67333984375
3327,3327,4,4,1,0.98193359375,0.98193359375
3328,3328,7,7,1,0.6357421875,0.6357421875
3329,3329,4,4,1,0.98828125,0.98828125
3330,3330,7,7,1,0.98193359375,0.98193359375
3331,3331,3,8,0,0.5810546875,0.32080078125
3332,3332,9,9,1,0.9912109375,0.9912109375
3333,3333,5,5,1,0.896484375,0.896484375
3334,3334,2,2,1,0.83935546875,0.83935546875
3335,3335,5,5,1,0.8818359375,0.8818359375
3336,3336,4,4,1,0.8076171875,0.8076171875
3337,3337,2,6,0,0.67822265625,0.047607421875
3338,3338,0,5,0,0.449462890625,0.256103515625
3339,3339,7,7,1,0.939453125,0.939453125
3340,3340,4,4,1,0.87255859375,0.87255859375
3341,3341,0,6,0,0.5048828125,0.306396484375
3342,3342,7,7,1,0.99951171875,0.99951171875
3343,3343,7,7,1,0.99462890625,0.99462890625
3344,3344,4,7,0,0.88330078125,0.11590576171875
3345,3345,7,7,1,0.83056640625,0.83056640625
3346,3346,5,5,1,0.84326171875,0.84326171875
3347,3347,0,2,0,0.476806640625,0.2115478515625
3348,3348,7,7,1,0.92236328125,0.92236328125
3349,3349,9,9,1,0.9521484375,0.9521484375
3350,3350,7,7,1,0.92041015625,0.92041015625
3351,3351,9,9,1,0.9501953125,0.9501953125
3352,3352,3,4,0,0.521484375,0.09063720703125
3353,3353,3,3,1,0.65283203125,0.65283203125
3354,3354,7,7,1,0.96240234375,0.96240234375
3355,3355,2,1,0,0.54541015625,0.0073089599609375
3356,3356,7,7,1,0.97265625,0.97265625
3357,3357,1,1,1,0.998046875,0.998046875
3358,3358,8,6,0,0.487548828125,0.3349609375
3359,3359,5,5,1,0.71728515625,0.71728515625
3360,3360,3,3,1,0.52685546875,0.52685546875
3361,3361,4,4,1,0.98388671875,0.98388671875
3362,3362,9,9,1,0.97509765625,0.97509765625
3363,3363,8,6,0,0.65380859375,0.0185394287109375
3364,3364,0,6,0,0.421875,0.30859375
3365,3365,6,2,0,0.77783203125,0.04388427734375
3366,3366,2,1,0,0.2900390625,0.2122802734375
3367,3367,6,6,1,0.75146484375,0.75146484375
3368,3368,8,9,0,0.64501953125,0.1966552734375
3369,3369,5,5,1,0.982421875,0.982421875
3370,3370,7,7,1,0.8916015625,0.8916015625
3371,3371,5,5,1,0.716796875,0.716796875
3372,3372,7,7,1,0.759765625,0.759765625
3373,3373,9,9,1,0.99267578125,0.99267578125
3374,3374,9,9,1,0.98681640625,0.98681640625
3375,3375,6,6,1,0.83447265625,0.83447265625
3376,3376,9,9,1,0.88671875,0.88671875
3377,3377,5,9,0,0.970703125,4.547834396362305e-05
3378,3378,8,3,0,0.55810546875,0.07794189453125
3379,3379,2,1,0,0.4052734375,0.23095703125
3380,3380,7,7,1,0.99169921875,0.99169921875
3381,3381,9,9,1,0.9423828125,0.9423828125
3382,3382,3,3,1,0.998046875,0.998046875
3383,3383,4,4,1,0.52099609375,0.52099609375
3384,3384,3,8,0,0.5654296875,0.1260986328125
3385,3385,2,1,0,0.93115234375,0.033905029296875
3386,3386,9,9,1,0.97998046875,0.97998046875
3387,3387,1,1,1,0.84375,0.84375
3388,3388,7,7,1,0.994140625,0.994140625
3389,3389,0,3,0,0.2425537109375,0.05584716796875
3390,3390,4,7,0,0.51806640625,0.4716796875
3391,3391,6,3,0,0.529296875,0.08636474609375
3392,3392,4,4,1,0.9931640625,0.9931640625
3393,3393,8,4,0,0.7509765625,0.143310546875
3394,3394,7,7,1,0.736328125,0.736328125
3395,3395,1,1,1,0.99951171875,0.99951171875
3396,3396,7,7,1,0.7431640625,0.7431640625
3397,3397,9,9,1,0.9951171875,0.9951171875
3398,3398,9,9,1,0.98876953125,0.98876953125
3399,3399,0,5,0,0.73095703125,0.058135986328125
3400,3400,0,0,1,0.441650390625,0.441650390625
3401,3401,6,6,1,0.50537109375,0.50537109375
3402,3402,0,0,1,0.7802734375,0.7802734375
3403,3403,5,5,1,0.52099609375,0.52099609375
3404,3404,4,4,1,0.98681640625,0.98681640625
3405,3405,1,1,1,0.99658203125,0.99658203125
3406,3406,8,8,1,0.91943359375,0.91943359375
3407,3407,0,0,1,0.86572265625,0.86572265625
3408,3408,7,7,1,0.9853515625,0.9853515625
3409,3409,6,6,1,0.95849609375,0.95849609375
3410,3410,2,6,0,0.33544921875,0.007648468017578125
3411,3411,3,3,1,0.9892578125,0.9892578125
3412,3412,2,6,0,0.479736328125,0.003780364990234375
3413,3413,9,9,1,0.95458984375,0.95458984375
3414,3414,7,7,1,0.9794921875,0.9794921875
3415,3415,0,0,1,0.28759765625,0.28759765625
3416,3416,2,1,0,0.48193359375,0.438720703125
3417,3417,6,5,0,0.59423828125,0.338623046875
3418,3418,2,1,0,0.70947265625,0.01617431640625
3419,3419,9,9,1,0.994140625,0.994140625
3420,3420,4,4,1,0.81591796875,0.81591796875
3421,3421,0,2,0,0.76953125,0.1256103515625
3422,3422,2,1,0,0.8701171875,0.00966644287109375
3423,3423,2,2,1,0.356201171875,0.356201171875
3424,3424,9,9,1,0.96240234375,0.96240234375
3425,3425,8,5,0,0.6298828125,0.019012451171875
3426,3426,7,7,1,0.96533203125,0.96533203125
3427,3427,5,5,1,0.86572265625,0.86572265625
3428,3428,9,9,1,0.95849609375,0.95849609375
3429,3429,2,6,0,0.9365234375,0.03411865234375
3430,3430,3,3,1,0.9970703125,0.9970703125
3431,3431,3,5,0,0.91162109375,0.0033931732177734375
3432,3432,3,5,0,0.54248046875,0.0056610107421875
3433,3433,2,1,0,0.966796875,0.004474639892578125
3434,3434,1,1,1,0.97802734375,0.97802734375
3435,3435,6,6,1,0.9501953125,0.9501953125
3436,3436,9,9,1,0.6962890625,0.6962890625
3437,3437,1,1,1,0.98583984375,0.98583984375
3438,3438,1,1,1,0.9970703125,0.9970703125
3439,3439,8,8,1,0.99560546875,0.99560546875
3440,3440,3,4,0,0.73046875,0.021392822265625
3441,3441,0,6,0,0.5068359375,0.47607421875
3442,3442,0,6,0,0.74951171875,0.167236328125
3443,3443,0,1,0,0.31689453125,0.07073974609375
3444,3444,6,6,1,0.8427734375,0.8427734375
3445,3445,1,1,1,0.52392578125,0.52392578125
3446,3446,3,6,0,0.464111328125,0.041839599609375
3447,3447,1,1,1,0.966796875,0.966796875
3448,3448,8,8,1,0.9521484375,0.9521484375
3449,3449,0,2,0,0.413818359375,0.20166015625
3450,3450,6,6,1,0.87255859375,0.87255859375
3451,3451,9,9,1,0.9521484375,0.9521484375
3452,3452,6,6,1,0.97021484375,0.97021484375
3453,3453,1,1,1,0.93896484375,0.93896484375
3454,3454,1,1,1,0.489501953125,0.489501953125
3455,3455,9,1,0,0.39453125,0.211181640625
3456,3456,9,9,1,0.93212890625,0.93212890625
3457,3457,9,9,1,0.98291015625,0.98291015625
3458,3458,1,1,1,0.97265625,0.97265625
3459,3459,0,0,1,0.89013671875,0.89013671875
3460,3460,8,8,1,0.97802734375,0.97802734375
3461,3461,5,6,0,0.51953125,0.458740234375
3462,3462,7,7,1,0.9658203125,0.9658203125
3463,3463,6,6,1,0.970703125,0.970703125
3464,3464,1,1,1,0.99658203125,0.99658203125
3465,3465,8,8,1,0.9765625,0.9765625
3466,3466,6,2,0,0.486328125,0.07696533203125
3467,3467,7,7,1,0.96923828125,0.96923828125
3468,3468,8,5,0,0.51123046875,0.07843017578125
3469,3469,5,5,1,0.99853515625,0.99853515625
3470,3470,7,7,1,0.95068359375,0.95068359375
3471,3471,7,7,1,0.9248046875,0.9248046875
3472,3472,5,5,1,0.521484375,0.521484375
3473,3473,5,5,1,0.86376953125,0.86376953125
3474,3474,6,0,0,0.8173828125,0.182373046875
3475,3475,8,8,1,0.970703125,0.970703125
3476,3476,0,9,0,0.51123046875,0.01861572265625
3477,3477,5,5,1,0.91015625,0.91015625
3478,3478,4,4,1,0.99267578125,0.99267578125
3479,3479,6,2,0,0.80029296875,0.1480712890625
3480,3480,8,8,1,0.65771484375,0.65771484375
3481,3481,8,7,0,0.32373046875,0.2296142578125
3482,3482,2,2,1,0.80126953125,0.80126953125
3483,3483,3,6,0,0.41015625,0.0005793571472167969
3484,3484,6,6,1,0.90771484375,0.90771484375
3485,3485,2,2,1,0.384765625,0.384765625
3486,3486,7,7,1,0.984375,0.984375
3487,3487,3,5,0,0.9296875,0.028961181640625
3488,3488,9,9,1,0.97119140625,0.97119140625
3489,3489,3,8,0,0.28515625,0.118896484375
3490,3490,0,0,1,0.34326171875,0.34326171875
3491,3491,4,4,1,0.86669921875,0.86669921875
3492,3492,4,4,1,0.78173828125,0.78173828125
3493,3493,3,4,0,0.93798828125,0.0213775634765625
3494,3494,4,4,1,0.83740234375,0.83740234375
3495,3495,4,4,1,0.998046875,0.998046875
3496,3496,5,5,1,0.9306640625,0.9306640625
3497,3497,0,0,1,0.6201171875,0.6201171875
3498,3498,1,1,1,0.76025390625,0.76025390625
3499,3499,4,4,1,0.98828125,0.98828125
3500,3500,3,5,0,0.414306640625,0.0791015625
3501,3501,1,1,1,0.9814453125,0.9814453125
3502,3502,2,1,0,0.87158203125,0.0271453857421875
3503,3503,7,7,1,0.99462890625,0.99462890625
3504,3504,7,2,0,0.33056640625,0.12158203125
3505,3505,5,5,1,0.6484375,0.6484375
3506,3506,4,4,1,0.9541015625,0.9541015625
3507,3507,0,0,1,0.80029296875,0.80029296875
3508,3508,9,9,1,0.986328125,0.986328125
3509,3509,4,4,1,0.99658203125,0.99658203125
3510,3510,2,2,1,0.91552734375,0.91552734375
3511,3511,9,9,1,0.97412109375,0.97412109375
3512,3512,1,1,1,0.998046875,0.998046875
3513,3513,7,7,1,0.94189453125,0.94189453125
3514,3514,1,1,1,0.56396484375,0.56396484375
3515,3515,9,9,1,0.94580078125,0.94580078125
3516,3516,4,4,1,0.8662109375,0.8662109375
3517,3517,2,1,0,0.72900390625,0.2366943359375
3518,3518,1,9,0,0.72998046875,0.2369384765625
3519,3519,9,9,1,0.95947265625,0.95947265625
3520,3520,8,8,1,0.97509765625,0.97509765625
3521,3521,7,5,0,0.4404296875,0.4267578125
3522,3522,8,8,1,0.99560546875,0.99560546875
3523,3523,2,2,1,0.9814453125,0.9814453125
3524,3524,0,9,0,0.57275390625,0.0030059814453125
3525,3525,8,8,1,0.96044921875,0.96044921875
3526,3526,2,1,0,0.64697265625,0.041351318359375
3527,3527,8,8,1,0.99462890625,0.99462890625
3528,3528,5,5,1,0.98681640625,0.98681640625
3529,3529,7,7,1,0.99267578125,0.99267578125
3530,3530,4,7,0,0.74267578125,0.256591796875
3531,3531,1,1,1,0.984375,0.984375
3532,3532,0,5,0,0.50390625,0.1356201171875
3533,3533,6,6,1,0.401123046875,0.401123046875
3534,3534,8,7,0,0.671875,0.1925048828125
3535,3535,7,7,1,0.994140625,0.994140625
3536,3536,1,1,1,0.4794921875,0.4794921875
3537,3537,0,2,0,0.564453125,0.195068359375
3538,3538,6,6,1,0.75244140625,0.75244140625
3539,3539,6,3,0,0.53515625,0.127197265625
3540,3540,4,4,1,0.94287109375,0.94287109375
3541,3541,6,2,0,0.4833984375,0.41357421875
3542,3542,6,2,0,0.8203125,0.0164947509765625
3543,3543,1,1,1,0.58056640625,0.58056640625
3544,3544,3,3,1,0.8701171875,0.8701171875
3545,3545,9,9,1,0.90869140625,0.90869140625
3546,3546,7,7,1,0.73583984375,0.73583984375
3547,3547,1,9,0,0.66064453125,0.332275390625
3548,3548,5,5,1,0.71337890625,0.71337890625
3549,3549,1,1,1,0.9541015625,0.9541015625
3550,3550,8,8,1,0.859375,0.859375
3551,3551,7,7,1,0.93212890625,0.93212890625
3552,3552,9,9,1,0.955078125,0.955078125
3553,3553,2,1,0,0.97216796875,0.01476287841796875
3554,3554,2,6,0,0.92041015625,0.0163421630859375
3555,3555,3,4,0,0.8671875,0.06683349609375
3556,3556,7,7,1,0.99755859375,0.99755859375
3557,3557,6,2,0,0.88330078125,0.0189208984375
3558,3558,7,7,1,0.89599609375,0.89599609375
3559,3559,4,4,1,0.9814453125,0.9814453125
3560,3560,6,6,1,0.8046875,0.8046875
3561,3561,0,0,1,0.63916015625,0.63916015625
3562,3562,8,4,0,0.481201171875,0.146728515625
3563,3563,4,4,1,0.66455078125,0.66455078125
3564,3564,9,9,1,0.9873046875,0.9873046875
3565,3565,0,7,0,0.451171875,0.08343505859375
3566,3566,4,4,1,0.9423828125,0.9423828125
3567,3567,4,4,1,0.56201171875,0.56201171875
3568,3568,3,5,0,0.76025390625,0.004383087158203125
3569,3569,5,5,1,0.7236328125,0.7236328125
3570,3570,1,1,1,0.9990234375,0.9990234375
3571,3571,0,6,0,0.6484375,0.346923828125
3572,3572,8,8,1,0.9208984375,0.9208984375
3573,3573,5,5,1,0.8818359375,0.8818359375
3574,3574,8,8,1,0.76171875,0.76171875
3575,3575,4,4,1,0.99951171875,0.99951171875
3576,3576,4,4,1,0.958984375,0.958984375
3577,3577,4,7,0,0.465087890625,0.329833984375
3578,3578,9,9,1,0.97119140625,0.97119140625
3579,3579,3,5,0,0.73974609375,0.0007181167602539062
3580,3580,5,5,1,0.876953125,0.876953125
3581,3581,4,4,1,0.98046875,0.98046875
3582,3582,3,5,0,0.63232421875,0.218505859375
3583,3583,8,5,0,0.481689453125,0.0025272369384765625
3584,3584,0,6,0,0.36572265625,0.1478271484375
3585,3585,5,5,1,0.5458984375,0.5458984375
3586,3586,9,9,1,0.97509765625,0.97509765625
3587,3587,7,7,1,0.99169921875,0.99169921875
3588,3588,5,5,1,0.90087890625,0.90087890625
3589,3589,0,0,1,0.7255859375,0.7255859375
3590,3590,1,1,1,0.6015625,0.6015625
3591,3591,3,5,0,0.379638671875,0.1312255859375
3592,3592,4,7,0,0.60693359375,0.39208984375
3593,3593,2,1,0,0.7216796875,0.053924560546875
3594,3594,2,1,0,0.912109375,0.01184844970703125
3595,3595,3,5,0,0.5068359375,0.348388671875
3596,3596,3,4,0,0.9091796875,0.00024509429931640625
3597,3597,7,7,1,0.98583984375,0.98583984375
3598,3598,6,6,1,0.9580078125,0.9580078125
3599,3599,2,6,0,0.383544921875,0.132568359375
3600,3600,7,7,1,0.99951171875,0.99951171875
3601,3601,8,8,1,0.853515625,0.853515625
3602,3602,5,1,0,0.853515625,0.01143646240234375
3603,3603,6,6,1,0.420166015625,0.420166015625
3604,3604,1,1,1,0.51123046875,0.51123046875
3605,3605,5,6,0,0.478271484375,0.44921875
3606,3606,0,6,0,0.625,0.314208984375
3607,3607,9,9,1,0.95751953125,0.95751953125
3608,3608,4,7,0,0.6748046875,0.299560546875
3609,3609,0,2,0,0.34228515625,0.00553131103515625
3610,3610,1,1,1,0.998046875,0.998046875
3611,3611,4,4,1,0.9716796875,0.9716796875
3612,3612,3,6,0,0.462890625,0.041717529296875
3613,3613,8,4,0,0.7705078125,0.036041259765625
3614,3614,0,6,0,0.4970703125,0.121826171875
3615,3615,8,8,1,0.8994140625,0.8994140625
3616,3616,1,1,1,0.99951171875,0.99951171875
3617,3617,2,2,1,0.494873046875,0.494873046875
3618,3618,8,8,1,0.68017578125,0.68017578125
3619,3619,4,7,0,0.56591796875,0.42724609375
3620,3620,2,1,0,0.8701171875,0.03704833984375
3621,3621,6,6,1,0.810546875,0.810546875
3622,3622,9,9,1,0.96484375,0.96484375
3623,3623,6,6,1,0.53759765625,0.53759765625
3624,3624,4,4,1,0.998046875,0.998046875
3625,3625,0,0,1,0.47509765625,0.47509765625
3626,3626,5,5,1,0.75341796875,0.75341796875
3627,3627,0,2,0,0.88134765625,0.00716400146484375
3628,3628,0,0,1,0.56591796875,0.56591796875
3629,3629,9,9,1,0.93798828125,0.93798828125
3630,3630,9,9,1,0.99072265625,0.99072265625
3631,3631,0,0,1,0.6171875,0.6171875
3632,3632,0,0,1,0.498291015625,0.498291015625
3633,3633,1,1,1,0.93212890625,0.93212890625
3634,3634,3,3,1,0.986328125,0.986328125
3635,3635,8,8,1,0.9853515625,0.9853515625
3636,3636,9,9,1,0.982421875,0.982421875
3637,3637,1,1,1,0.89404296875,0.89404296875
3638,3638,0,9,0,0.99365234375,9.47713851928711e-06
3639,3639,6,6,1,0.7685546875,0.7685546875
3640,3640,2,1,0,0.90283203125,0.0100250244140625
3641,3641,2,8,0,0.82763671875,0.0007090568542480469
3642,3642,8,8,1,0.986328125,0.986328125
3643,3643,2,2,1,0.68408203125,0.68408203125
3644,3644,1,1,1,0.9990234375,0.9990234375
3645,3645,8,8,1,0.88037109375,0.88037109375
3646,3646,6,6,1,0.87255859375,0.87255859375
3647,3647,0,6,0,0.541015625,0.34912109375
3648,3648,9,9,1,0.978515625,0.978515625
3649,3649,2,6,0,0.79248046875,0.0018453598022460938
3650,3650,7,7,1,0.99560546875,0.99560546875
3651,3651,9,9,1,0.998046875,0.998046875
3652,3652,7,7,1,0.98193359375,0.98193359375
3653,3653,7,7,1,0.92236328125,0.92236328125
3654,3654,5,5,1,0.91259765625,0.91259765625
3655,3655,1,1,1,0.9755859375,0.9755859375
3656,3656,0,6,0,0.486083984375,0.45654296875
3657,3657,1,1,1,0.9951171875,0.9951171875
3658,3658,9,9,1,0.9501953125,0.9501953125
3659,3659,1,1,1,0.9248046875,0.9248046875
3660,3660,2,6,0,0.72314453125,0.0170135498046875
3661,3661,9,9,1,0.970703125,0.970703125
3662,3662,0,0,1,0.57080078125,0.57080078125
3663,3663,6,6,1,0.783203125,0.783203125
3664,3664,9,9,1,0.9970703125,0.9970703125
3665,3665,7,7,1,0.912109375,0.912109375
3666,3666,9,9,1,0.97412109375,0.97412109375
3667,3667,3,3,1,0.78076171875,0.78076171875
3668,3668,3,3,1,0.6787109375,0.6787109375
3669,3669,9,9,1,0.966796875,0.966796875
3670,3670,1,1,1,0.982421875,0.982421875
3671,3671,5,5,1,0.9560546875,0.9560546875
3672,3672,6,7,0,0.61328125,0.1285400390625
3673,3673,7,7,1,0.998046875,0.998046875
3674,3674,3,4,0,0.91357421875,0.007904052734375
3675,3675,7,7,1,0.9873046875,0.9873046875
3676,3676,7,7,1,0.9833984375,0.9833984375
3677,3677,1,1,1,0.97998046875,0.97998046875
3678,3678,8,8,1,0.97802734375,0.97802734375
3679,3679,1,1,1,0.89501953125,0.89501953125
3680,3680,8,8,1,0.382568359375,0.382568359375
3681,3681,0,0,1,0.5439453125,0.5439453125
3682,3682,9,9,1,0.8369140625,0.8369140625
3683,3683,4,4,1,0.814453125,0.814453125
3684,3684,6,6,1,0.763671875,0.763671875
3685,3685,1,1,1,0.56298828125,0.56298828125
3686,3686,7,7,1,0.87255859375,0.87255859375
3687,3687,0,4,0,0.40478515625,0.11962890625
3688,3688,1,1,1,0.984375,0.984375
3689,3689,1,1,1,0.99853515625,0.99853515625
3690,3690,1,1,1,0.98291015625,0.98291015625
3691,3691,6,6,1,0.68798828125,0.68798828125
3692,3692,9,9,1,0.99462890625,0.99462890625
3693,3693,4,7,0,0.6259765625,0.3681640625
3694,3694,5,5,1,0.82666015625,0.82666015625
3695,3695,8,5,0,0.89208984375,0.005645751953125
3696,3696,7,7,1,0.97021484375,0.97021484375
3697,3697,2,1,0,0.78564453125,0.145263671875
3698,3698,7,7,1,0.96923828125,0.96923828125
3699,3699,7,7,1,0.99609375,0.99609375
3700,3700,2,1,0,0.8515625,0.00946044921875
3701,3701,0,6,0,0.431884765625,0.393310546875
3702,3702,1,9,0,0.77978515625,0.1971435546875
3703,3703,8,8,1,0.31103515625,0.31103515625
3704,3704,8,8,1,0.99755859375,0.99755859375
3705,3705,8,8,1,0.484375,0.484375
3706,3706,3,3,1,0.97021484375,0.97021484375
3707,3707,8,8,1,0.99462890625,0.99462890625
3708,3708,3,3,1,0.99951171875,0.99951171875
3709,3709,9,9,1,0.97900390625,0.97900390625
3710,3710,1,1,1,0.97265625,0.97265625
3711,3711,7,7,1,0.96533203125,0.96533203125
3712,3712,7,7,1,0.69873046875,0.69873046875
3713,3713,7,7,1,0.99755859375,0.99755859375
3714,3714,6,5,0,0.451416015625,0.24169921875
3715,3715,1,1,1,0.85009765625,0.85009765625
3716,3716,3,3,1,0.998046875,0.998046875
3717,3717,8,8,1,0.98291015625,0.98291015625
3718,3718,6,7,0,0.81005859375,0.11309814453125
3719,3719,8,5,0,0.5625,0.0009288787841796875
3720,3720,2,5,0,0.47412109375,0.056640625
3721,3721,0,5,0,0.263427734375,0.1453857421875
3722,3722,6,6,1,0.9208984375,0.9208984375
3723,3723,8,1,0,0.548828125,0.332763671875
3724,3724,6,4,0,0.97119140625,0.01222991943359375
3725,3725,9,9,1,0.9599609375,0.9599609375
3726,3726,2,1,0,0.9365234375,0.038665771484375
3727,3727,0,9,0,0.351806640625,0.0211181640625
3728,3728,8,8,1,0.81787109375,0.81787109375
3729,3729,1,1,1,0.953125,0.953125
3730,3730,6,6,1,0.86474609375,0.86474609375
3731,3731,3,7,0,0.6787109375,0.257568359375
3732,3732,6,6,1,0.88427734375,0.88427734375
3733,3733,2,8,0,0.95068359375,0.0015211105346679688
3734,3734,9,9,1,0.96337890625,0.96337890625
3735,3735,4,4,1,0.9912109375,0.9912109375
3736,3736,1,1,1,0.99462890625,0.99462890625
3737,3737,1,1,1,0.98828125,0.98828125
3738,3738,7,7,1,0.98193359375,0.98193359375
3739,3739,0,0,1,0.71240234375,0.71240234375
3740,3740,8,8,1,0.99560546875,0.99560546875
3741,3741,1,1,1,0.77294921875,0.77294921875
3742,3742,7,7,1,0.740234375,0.740234375
3743,3743,3,7,0,0.7822265625,0.000759124755859375
3744,3744,9,9,1,0.9775390625,0.9775390625
3745,3745,1,1,1,0.6708984375,0.6708984375
3746,3746,4,4,1,0.93994140625,0.93994140625
3747,3747,2,6,0,0.3642578125,0.201171875
3748,3748,1,1,1,0.7802734375,0.7802734375
3749,3749,9,9,1,0.96142578125,0.96142578125
3750,3750,4,7,0,0.552734375,0.430419921875
3751,3751,0,0,1,0.42431640625,0.42431640625
3752,3752,0,7,0,0.333251953125,0.05975341796875
3753,3753,7,7,1,0.822265625,0.822265625
3754,3754,9,9,1,0.95654296875,0.95654296875
3755,3755,4,4,1,0.9970703125,0.9970703125
3756,3756,6,2,0,0.6005859375,0.195068359375
3757,3757,1,2,0,0.671875,0.3173828125
3758,3758,3,4,0,0.818359375,0.006862640380859375
3759,3759,1,1,1,0.537109375,0.537109375
3760,3760,8,8,1,0.6455078125,0.6455078125
3761,3761,7,7,1,0.9951171875,0.9951171875
3762,3762,9,9,1,0.87548828125,0.87548828125
3763,3763,1,1,1,0.85888671875,0.85888671875
3764,3764,0,0,1,0.62158203125,0.62158203125
3765,3765,2,1,0,0.375732421875,0.35302734375
3766,3766,4,4,1,0.998046875,0.998046875
3767,3767,0,0,1,0.8935546875,0.8935546875
3768,3768,8,4,0,0.48095703125,0.466064453125
3769,3769,3,3,1,0.587890625,0.587890625
3770,3770,4,7,0,0.89013671875,0.09381103515625
3771,3771,8,8,1,0.9892578125,0.9892578125
3772,3772,2,9,0,0.796875,0.002964019775390625
3773,3773,0,5,0,0.7333984375,0.09619140625
3774,3774,3,3,1,0.95166015625,0.95166015625
3775,3775,6,6,1,0.92236328125,0.92236328125
3776,3776,9,9,1,0.9775390625,0.9775390625
3777,3777,3,3,1,0.658203125,0.658203125
3778,3778,0,0,1,0.4296875,0.4296875
3779,3779,4,4,1,0.947265625,0.947265625
3780,3780,0,3,0,0.47314453125,0.11962890625
3781,3781,1,1,1,0.9111328125,0.9111328125
3782,3782,9,9,1,0.98779296875,0.98779296875
3783,3783,5,5,1,0.99755859375,0.99755859375
3784,3784,3,4,0,0.984375,0.0003514289855957031
3785,3785,4,4,1,0.58984375,0.58984375
3786,3786,3,3,1,0.9150390625,0.9150390625
3787,3787,1,1,1,0.97509765625,0.97509765625
3788,3788,8,5,0,0.6708984375,0.00386810302734375
3789,3789,1,1,1,0.99951171875,0.99951171875
3790,3790,4,4,1,0.97802734375,0.97802734375
3791,3791,8,8,1,0.8125,0.8125
3792,3792,0,2,0,0.46826171875,0.1300048828125
3793,3793,9,9,1,0.9873046875,0.9873046875
3794,3794,5,5,1,0.896484375,0.896484375
3795,3795,2,2,1,0.55029296875,0.55029296875
3796,3796,3,3,1,0.98046875,0.98046875
3797,3797,3,3,1,0.46533203125,0.46533203125
3798,3798,3,4,0,0.8681640625,0.11749267578125
3799,3799,5,5,1,0.94189453125,0.94189453125
3800,3800,8,8,1,0.89794921875,0.89794921875
3801,3801,2,1,0,0.417236328125,0.23779296875
3802,3802,4,4,1,0.70263671875,0.70263671875
3803,3803,8,8,1,0.79345703125,0.79345703125
3804,3804,4,4,1,0.982421875,0.982421875
3805,3805,7,7,1,0.9462890625,0.9462890625
3806,3806,5,5,1,0.9833984375,0.9833984375
3807,3807,5,5,1,0.93017578125,0.93017578125
3808,3808,3,3,1,0.88232421875,0.88232421875
3809,3809,2,1,0,0.88720703125,0.047027587890625
3810,3810,2,1,0,0.595703125,0.053680419921875
3811,3811,2,1,0,0.92578125,0.0279541015625
3812,3812,7,7,1,0.994140625,0.994140625
3813,3813,9,9,1,0.99462890625,0.99462890625
3814,3814,7,7,1,0.978515625,0.978515625
3815,3815,8,8,1,0.95703125,0.95703125
3816,3816,5,5,1,0.9111328125,0.9111328125
3817,3817,4,4,1,0.99755859375,0.99755859375
3818,3818,9,9,1,0.95458984375,0.95458984375
3819,3819,9,8,0,0.44189453125,0.2293701171875
3820,3820,2,1,0,0.68896484375,0.296142578125
3821,3821,1,1,1,0.99609375,0.99609375
3822,3822,6,6,1,0.72314453125,0.72314453125
3823,3823,5,5,1,0.69384765625,0.69384765625
3824,3824,1,1,1,0.68701171875,0.68701171875
3825,3825,5,5,1,0.81494140625,0.81494140625
3826,3826,2,1,0,0.9482421875,0.0158233642578125
3827,3827,6,6,1,0.7080078125,0.7080078125
3828,3828,5,5,1,0.99072265625,0.99072265625
3829,3829,2,1,0,0.312744140625,0.08685302734375
3830,3830,7,7,1,0.9755859375,0.9755859375
3831,3831,3,3,1,0.93212890625,0.93212890625
3832,3832,8,8,1,0.6962890625,0.6962890625
3833,3833,2,1,0,0.6044921875,0.1348876953125
3834,3834,6,6,1,0.90380859375,0.90380859375
3835,3835,1,1,1,0.9287109375,0.9287109375
3836,3836,1,1,1,0.95068359375,0.95068359375
3837,3837,4,4,1,0.96337890625,0.96337890625
3838,3838,7,7,1,0.9091796875,0.9091796875
3839,3839,3,3,1,0.80078125,0.80078125
3840,3840,6,6,1,0.93994140625,0.93994140625
3841,3841,7,7,1,0.65185546875,0.65185546875
3842,3842,2,1,0,0.66943359375,0.31640625
3843,3843,7,7,1,0.9951171875,0.9951171875
3844,3844,4,4,1,0.98876953125,0.98876953125
3845,3845,3,6,0,0.45068359375,0.2489013671875
3846,3846,0,2,0,0.77880859375,0.0036067962646484375
3847,3847,1,1,1,0.9970703125,0.9970703125
3848,3848,3,5,0,0.71240234375,0.0584716796875
3849,3849,5,5,1,0.998046875,0.998046875
3850,3850,8,8,1,0.8681640625,0.8681640625
3851,3851,7,7,1,0.98291015625,0.98291015625
3852,3852,5,5,1,0.7021484375,0.7021484375
3853,3853,1,1,1,0.79345703125,0.79345703125
3854,3854,2,8,0,0.3193359375,0.300048828125
3855,3855,9,9,1,0.9970703125,0.9970703125
3856,3856,1,1,1,0.89599609375,0.89599609375
3857,3857,8,4,0,0.99462890625,0.004901885986328125
3858,3858,7,7,1,0.97802734375,0.97802734375
3859,3859,3,3,1,0.4248046875,0.4248046875
3860,3860,9,9,1,0.98486328125,0.98486328125
3861,3861,6,7,0,0.27978515625,0.271240234375
3862,3862,9,9,1,0.92626953125,0.92626953125
3863,3863,1,1,1,0.984375,0.984375
3864,3864,1,1,1,0.61572265625,0.61572265625
3865,3865,7,7,1,0.955078125,0.955078125
3866,3866,6,6,1,0.9072265625,0.9072265625
3867,3867,7,7,1,0.96337890625,0.96337890625
3868,3868,1,9,0,0.5087890625,0.477783203125
3869,3869,1,1,1,0.9296875,0.9296875
3870,3870,3,3,1,0.853515625,0.853515625
3871,3871,9,9,1,0.94580078125,0.94580078125
3872,3872,3,4,0,0.98974609375,0.0039215087890625
3873,3873,0,1,0,0.2861328125,0.061920166015625
3874,3874,2,1,0,0.630859375,0.27978515625
3875,3875,6,6,1,0.69873046875,0.69873046875
3876,3876,1,1,1,0.88134765625,0.88134765625
3877,3877,0,6,0,0.60595703125,0.367431640625
3878,3878,5,5,1,0.953125,0.953125
3879,3879,4,4,1,0.9921875,0.9921875
3880,3880,6,6,1,0.79736328125,0.79736328125
3881,3881,0,6,0,0.498046875,0.4677734375
3882,3882,2,2,1,0.8505859375,0.8505859375
3883,3883,6,6,1,0.65673828125,0.65673828125
3884,3884,3,3,1,0.486328125,0.486328125
3885,3885,8,8,1,0.9775390625,0.9775390625
3886,3886,5,2,0,0.6162109375,0.012786865234375
3887,3887,5,5,1,0.8310546875,0.8310546875
3888,3888,1,1,1,0.7041015625,0.7041015625
3889,3889,2,9,0,0.77392578125,0.038543701171875
3890,3890,4,4,1,0.970703125,0.970703125
3891,3891,7,7,1,0.99755859375,0.99755859375
3892,3892,7,7,1,0.9921875,0.9921875
3893,3893,7,7,1,0.9931640625,0.9931640625
3894,3894,1,1,1,0.94091796875,0.94091796875
3895,3895,4,4,1,0.95166015625,0.95166015625
3896,3896,6,2,0,0.82666015625,0.11907958984375
3897,3897,0,0,1,0.77685546875,0.77685546875
3898,3898,7,7,1,0.98046875,0.98046875
3899,3899,1,1,1,0.99267578125,0.99267578125
3900,3900,8,8,1,0.6376953125,0.6376953125
3901,3901,8,8,1,0.91796875,0.91796875
3902,3902,3,4,0,0.9033203125,0.01459503173828125
3903,3903,3,4,0,0.91064453125,0.06805419921875
3904,3904,4,4,1,0.99951171875,0.99951171875
3905,3905,2,1,0,0.91796875,0.0753173828125
3906,3906,2,6,0,0.444091796875,0.045379638671875
3907,3907,9,9,1,0.8349609375,0.8349609375
3908,3908,9,9,1,0.9326171875,0.9326171875
3909,3909,5,5,1,0.83984375,0.83984375
3910,3910,9,9,1,0.9814453125,0.9814453125
3911,3911,1,9,0,0.6455078125,0.345703125
3912,3912,3,4,0,0.73876953125,0.1927490234375
3913,3913,4,4,1,0.9794921875,0.9794921875
3914,3914,7,7,1,0.998046875,0.998046875
3915,3915,2,1,0,0.62646484375,0.09912109375
3916,3916,9,9,1,0.94482421875,0.94482421875
3917,3917,0,0,1,0.61962890625,0.61962890625
3918,3918,6,6,1,0.485107421875,0.485107421875
3919,3919,9,9,1,0.92236328125,0.92236328125
3920,3920,6,2,0,0.76416015625,0.08050537109375
3921,3921,1,1,1,0.99853515625,0.99853515625
3922,3922,2,1,0,0.311767578125,0.302001953125
3923,3923,4,4,1,0.9228515625,0.9228515625
3924,3924,8,8,1,0.9912109375,0.9912109375
3925,3925,3,3,1,0.50390625,0.50390625
3926,3926,7,7,1,0.97998046875,0.97998046875
3927,3927,4,7,0,0.9189453125,0.080322265625
3928,3928,8,8,1,0.92724609375,0.92724609375
3929,3929,1,1,1,0.57470703125,0.57470703125
3930,3930,2,1,0,0.826171875,0.0986328125
3931,3931,3,4,0,0.5166015625,0.0226898193359375
3932,3932,9,9,1,0.9970703125,0.9970703125
3933,3933,7,7,1,0.6611328125,0.6611328125
3934,3934,6,6,1,0.751953125,0.751953125
3935,3935,2,5,0,0.66748046875,0.0030918121337890625
3936,3936,6,6,1,0.86669921875,0.86669921875
3937,3937,1,1,1,0.99755859375,0.99755859375
3938,3938,0,6,0,0.767578125,0.1334228515625
3939,3939,5,5,1,0.99609375,0.99609375
3940,3940,9,9,1,0.98095703125,0.98095703125
3941,3941,0,2,0,0.343994140625,0.013336181640625
3942,3942,9,9,1,0.97021484375,0.97021484375
3943,3943,0,2,0,0.65673828125,0.0714111328125
3944,3944,4,4,1,0.947265625,0.947265625
3945,3945,7,7,1,0.9482421875,0.9482421875
3946,3946,4,4,1,1.0,1.0
3947,3947,2,1,0,0.97900390625,0.00795745849609375
3948,3948,5,5,1,0.94677734375,0.94677734375
3949,3949,3,3,1,0.99365234375,0.99365234375
3950,3950,3,3,1,0.98828125,0.98828125
3951,3951,2,1,0,0.89697265625,0.034759521484375
3952,3952,2,1,0,0.308349609375,0.0163421630859375
3953,3953,0,9,0,0.84912109375,0.01068878173828125
3954,3954,0,2,0,0.315185546875,0.3056640625
3955,3955,7,7,1,0.97998046875,0.97998046875
3956,3956,3,1,0,0.7431640625,0.129150390625
3957,3957,0,0,1,0.454345703125,0.454345703125
3958,3958,4,4,1,0.99267578125,0.99267578125
3959,3959,5,5,1,0.78662109375,0.78662109375
3960,3960,1,1,1,0.88818359375,0.88818359375
3961,3961,2,2,1,0.82421875,0.82421875
3962,3962,0,0,1,0.83154296875,0.83154296875
3963,3963,7,7,1,0.99169921875,0.99169921875
3964,3964,1,1,1,0.873046875,0.873046875
3965,3965,6,4,0,0.587890625,0.379638671875
3966,3966,0,2,0,0.429931640625,0.009796142578125
3967,3967,6,6,1,0.51123046875,0.51123046875
3968,3968,0,0,1,0.483154296875,0.483154296875
3969,3969,3,5,0,0.424072265625,0.3408203125
3970,3970,6,6,1,0.875,0.875
3971,3971,1,1,1,0.763671875,0.763671875
3972,3972,0,6,0,0.7412109375,0.24072265625
3973,3973,2,1,0,0.376708984375,0.26708984375
3974,3974,7,5,0,0.89404296875,0.0711669921875
3975,3975,9,9,1,0.9287109375,0.9287109375
3976,3976,2,6,0,0.498291015625,0.0272369384765625
3977,3977,3,5,0,0.313232421875,0.029144287109375
3978,3978,2,8,0,0.52685546875,0.09747314453125
3979,3979,1,9,0,0.5673828125,0.415283203125
3980,3980,2,2,1,0.65478515625,0.65478515625
3981,3981,1,1,1,0.9580078125,0.9580078125
3982,3982,7,7,1,0.79736328125,0.79736328125
3983,3983,3,7,0,0.525390625,0.16015625
3984,3984,0,2,0,0.83203125,0.01432037353515625
3985,3985,0,6,0,0.49609375,0.466064453125
3986,3986,0,0,1,0.5947265625,0.5947265625
3987,3987,3,3,1,0.73681640625,0.73681640625
3988,3988,7,7,1,0.99365234375,0.99365234375
3989,3989,9,9,1,0.98193359375,0.98193359375
3990,3990,8,8,1,0.98046875,0.98046875
3991,3991,2,1,0,0.468994140625,0.1954345703125
3992,3992,4,4,1,0.9765625,0.9765625
3993,3993,3,8,0,0.401611328125,0.0137481689453125
3994,3994,7,7,1,0.994140625,0.994140625
3995,3995,4,4,1,0.98681640625,0.98681640625
3996,3996,8,6,0,0.8271484375,0.041168212890625
3997,3997,0,6,0,0.56591796875,0.322265625
3998,3998,2,5,0,0.39990234375,0.054107666015625
3999,3999,8,8,1,0.982421875,0.982421875
4000,4000,8,6,0,0.6298828125,0.0079345703125
4001,4001,3,3,1,0.9091796875,0.9091796875
4002,4002,6,6,1,0.73583984375,0.73583984375
4003,4003,5,5,1,0.75439453125,0.75439453125
4004,4004,4,4,1,0.95068359375,0.95068359375
4005,4005,7,7,1,0.9140625,0.9140625
4006,4006,9,9,1,0.990234375,0.990234375
4007,4007,9,9,1,0.9638671875,0.9638671875
4008,4008,8,8,1,0.6220703125,0.6220703125
4009,4009,8,4,0,0.96923828125,0.01471710205078125
4010,4010,3,4,0,0.6240234375,0.02496337890625
4011,4011,9,9,1,0.955078125,0.955078125
4012,4012,0,5,0,0.67138671875,0.11669921875
4013,4013,1,1,1,0.9638671875,0.9638671875
4014,4014,6,6,1,0.52783203125,0.52783203125
4015,4015,3,3,1,0.8427734375,0.8427734375
4016,4016,6,2,0,0.96533203125,0.00809478759765625
4017,4017,2,1,0,0.7060546875,0.08697509765625
4018,4018,0,6,0,0.4130859375,0.376220703125
4019,4019,5,5,1,0.7265625,0.7265625
4020,4020,8,4,0,0.91552734375,0.06231689453125
4021,4021,7,7,1,0.94580078125,0.94580078125
4022,4022,0,0,1,0.410888671875,0.410888671875
4023,4023,8,6,0,0.412841796875,0.275146484375
4024,4024,7,7,1,0.9619140625,0.9619140625
4025,4025,0,2,0,0.546875,0.2210693359375
4026,4026,8,8,1,0.82373046875,0.82373046875
4027,4027,7,7,1,0.9990234375,0.9990234375
4028,4028,7,7,1,0.99169921875,0.99169921875
4029,4029,8,8,1,0.94140625,0.94140625
4030,4030,4,7,0,0.8056640625,0.19140625
4031,4031,3,3,1,0.99853515625,0.99853515625
4032,4032,1,1,1,0.99560546875,0.99560546875
4033,4033,8,8,1,0.93017578125,0.93017578125
4034,4034,6,6,1,0.99267578125,0.99267578125
4035,4035,3,7,0,0.4970703125,0.10101318359375
4036,4036,8,8,1,0.98291015625,0.98291015625
4037,4037,0,0,1,0.384521484375,0.384521484375
4038,4038,7,7,1,0.998046875,0.998046875
4039,4039,9,9,1,0.95751953125,0.95751953125
4040,4040,8,8,1,0.77490234375,0.77490234375
4041,4041,8,8,1,0.94921875,0.94921875
4042,4042,9,9,1,0.93798828125,0.93798828125
4043,4043,4,4,1,0.98291015625,0.98291015625
4044,4044,2,6,0,0.796875,0.12225341796875
4045,4045,6,6,1,0.5712890625,0.5712890625
4046,4046,9,9,1,0.88330078125,0.88330078125
4047,4047,3,4,0,0.464599609375,0.09149169921875
4048,4048,9,9,1,0.94580078125,0.94580078125
4049,4049,6,6,1,0.7783203125,0.7783203125
4050,4050,5,5,1,0.87548828125,0.87548828125
4051,4051,9,9,1,0.921875,0.921875
4052,4052,6,6,1,0.9501953125,0.9501953125
4053,4053,2,6,0,0.6279296875,0.179931640625
4054,4054,9,9,1,0.96337890625,0.96337890625
4055,4055,2,5,0,0.322021484375,0.2587890625
4056,4056,5,5,1,0.330810546875,0.330810546875
4057,4057,5,5,1,0.7861328125,0.7861328125
4058,4058,9,9,1,0.94482421875,0.94482421875
4059,4059,7,7,1,0.99755859375,0.99755859375
4060,4060,9,9,1,0.98583984375,0.98583984375
4061,4061,5,5,1,0.505859375,0.505859375
4062,4062,2,1,0,0.6376953125,0.320556640625
4063,4063,9,9,1,0.923828125,0.923828125
4064,4064,5,5,1,0.7734375,0.7734375
4065,4065,6,6,1,0.80712890625,0.80712890625
4066,4066,5,5,1,0.98828125,0.98828125
4067,4067,2,2,1,0.58837890625,0.58837890625
4068,4068,0,8,0,0.313232421875,0.11163330078125
4069,4069,3,7,0,0.6064453125,0.1632080078125
4070,4070,2,2,1,0.84619140625,0.84619140625
4071,4071,7,7,1,0.498291015625,0.498291015625
4072,4072,4,4,1,0.97021484375,0.97021484375
4073,4073,5,5,1,0.73193359375,0.73193359375
4074,4074,7,7,1,0.99853515625,0.99853515625
4075,4075,8,8,1,0.966796875,0.966796875
4076,4076,6,6,1,0.59423828125,0.59423828125
4077,4077,2,1,0,0.67333984375,0.205322265625
4078,4078,8,4,0,0.662109375,0.01763916015625
4079,4079,3,3,1,1.0,1.0
4080,4080,4,4,1,0.98974609375,0.98974609375
4081,4081,1,1,1,0.99609375,0.99609375
4082,4082,5,5,1,0.98681640625,0.98681640625
4083,4083,5,5,1,0.958984375,0.958984375
4084,4084,7,7,1,0.986328125,0.986328125
4085,4085,7,7,1,0.9912109375,0.9912109375
4086,4086,6,6,1,0.8896484375,0.8896484375
4087,4087,6,6,1,0.98291015625,0.98291015625
4088,4088,1,1,1,0.89404296875,0.89404296875
4089,4089,8,8,1,0.99951171875,0.99951171875
4090,4090,3,3,1,0.9970703125,0.9970703125
4091,4091,2,1,0,0.50341796875,0.0875244140625
4092,4092,2,2,1,0.96240234375,0.96240234375
4093,4093,4,7,0,0.6748046875,0.31884765625
4094,4094,5,5,1,0.99169921875,0.99169921875
4095,4095,0,2,0,0.6396484375,0.07177734375
4096,4096,2,1,0,0.97998046875,0.007030487060546875
4097,4097,2,2,1,0.56494140625,0.56494140625
4098,4098,2,1,0,0.58251953125,0.311767578125
4099,4099,0,6,0,0.599609375,0.156494140625
4100,4100,0,0,1,0.4619140625,0.4619140625
4101,4101,2,1,0,0.52099609375,0.459716796875
4102,4102,9,9,1,0.966796875,0.966796875
4103,4103,8,5,0,0.6484375,0.016754150390625
4104,4104,9,9,1,0.9228515625,0.9228515625
4105,4105,6,6,1,0.76025390625,0.76025390625
4106,4106,6,6,1,0.890625,0.890625
4107,4107,2,1,0,0.6884765625,0.153564453125
4108,4108,6,6,1,0.72119140625,0.72119140625
4109,4109,1,9,0,0.6083984375,0.380859375
4110,4110,3,4,0,0.966796875,0.0008025169372558594
4111,4111,0,2,0,0.75927734375,0.0323486328125
4112,4112,5,5,1,0.8876953125,0.8876953125
4113,4113,8,3,0,0.71435546875,0.01349639892578125
4114,4114,5,6,0,0.409423828125,0.30908203125
4115,4115,9,9,1,0.97900390625,0.97900390625
4116,4116,8,8,1,0.9091796875,0.9091796875
4117,4117,3,3,1,0.89306640625,0.89306640625
4118,4118,9,9,1,0.96240234375,0.96240234375
4119,4119,0,0,1,0.473876953125,0.473876953125
4120,4120,8,8,1,0.9931640625,0.9931640625
4121,4121,7,7,1,0.9892578125,0.9892578125
4122,4122,4,4,1,0.7763671875,0.7763671875
4123,4123,1,1,1,0.99462890625,0.99462890625
4124,4124,0,5,0,0.51953125,0.2454833984375
4125,4125,6,6,1,0.921875,0.921875
4126,4126,1,1,1,0.7998046875,0.7998046875
4127,4127,5,5,1,0.79931640625,0.79931640625
4128,4128,6,6,1,0.73046875,0.73046875
4129,4129,9,9,1,0.994140625,0.994140625
4130,4130,4,4,1,0.93505859375,0.93505859375
4131,4131,7,7,1,0.9208984375,0.9208984375
4132,4132,0,1,0,0.317138671875,0.064453125
4133,4133,3,3,1,0.982421875,0.982421875
4134,4134,1,1,1,0.56787109375,0.56787109375
4135,4135,3,5,0,0.70947265625,0.203369140625
4136,4136,7,7,1,0.95263671875,0.95263671875
4137,4137,9,9,1,0.96337890625,0.96337890625
4138,4138,1,1,1,0.98095703125,0.98095703125
4139,4139,7,7,1,0.986328125,0.986328125
4140,4140,7,7,1,0.97705078125,0.97705078125
4141,4141,1,1,1,0.98046875,0.98046875
4142,4142,8,4,0,0.452392578125,0.04766845703125
4143,4143,9,9,1,0.98388671875,0.98388671875
4144,4144,4,4,1,0.9970703125,0.9970703125
4145,4145,2,1,0,0.8017578125,0.046661376953125
4146,4146,4,4,1,0.99072265625,0.99072265625
4147,4147,4,4,1,0.70361328125,0.70361328125
4148,4148,0,6,0,0.615234375,0.2261962890625
4149,4149,2,2,1,0.53857421875,0.53857421875
4150,4150,0,6,0,0.5380859375,0.419189453125
4151,4151,2,2,1,0.490478515625,0.490478515625
4152,4152,2,6,0,0.791015625,0.04193115234375
4153,4153,1,1,1,0.99658203125,0.99658203125
4154,4154,2,1,0,0.7060546875,0.167724609375
4155,4155,5,1,0,0.89599609375,0.006839752197265625
4156,4156,7,7,1,0.9970703125,0.9970703125
4157,4157,0,6,0,0.381103515625,0.033294677734375
4158,4158,9,9,1,0.8447265625,0.8447265625
4159,4159,8,8,1,0.9951171875,0.9951171875
4160,4160,4,4,1,0.9892578125,0.9892578125
4161,4161,1,1,1,0.8994140625,0.8994140625
4162,4162,9,9,1,0.970703125,0.970703125
4163,4163,3,3,1,0.86669921875,0.86669921875
4164,4164,9,9,1,0.94384765625,0.94384765625
4165,4165,0,0,1,0.327392578125,0.327392578125
4166,4166,5,5,1,0.92333984375,0.92333984375
4167,4167,6,6,1,0.95947265625,0.95947265625
4168,4168,4,4,1,0.96630859375,0.96630859375
4169,4169,4,4,1,0.802734375,0.802734375
4170,4170,3,3,1,0.98779296875,0.98779296875
4171,4171,1,9,0,0.64013671875,0.353515625
4172,4172,9,9,1,1.0,1.0
4173,4173,6,6,1,0.60595703125,0.60595703125
4174,4174,9,9,1,0.9755859375,0.9755859375
4175,4175,7,7,1,0.955078125,0.955078125
4176,4176,4,4,1,0.83251953125,0.83251953125
4177,4177,1,1,1,0.990234375,0.990234375
4178,4178,8,8,1,0.84814453125,0.84814453125
4179,4179,6,4,0,0.93408203125,0.059722900390625
4180,4180,9,9,1,0.9951171875,0.9951171875
4181,4181,2,6,0,0.494140625,0.005157470703125
4182,4182,6,6,1,0.7734375,0.7734375
4183,4183,8,8,1,0.8642578125,0.8642578125
4184,4184,1,1,1,0.9990234375,0.9990234375
4185,4185,3,3,1,1.0,1.0
4186,4186,1,1,1,0.6650390625,0.6650390625
4187,4187,3,3,1,0.99755859375,0.99755859375
4188,4188,4,4,1,0.7509765625,0.7509765625
4189,4189,4,4,1,0.900390625,0.900390625
4190,4190,3,3,1,0.7666015625,0.7666015625
4191,4191,9,9,1,0.97509765625,0.97509765625
4192,4192,5,5,1,0.74853515625,0.74853515625
4193,4193,7,7,1,0.9619140625,0.9619140625
4194,4194,4,4,1,1.0,1.0
4195,4195,7,7,1,0.8896484375,0.8896484375
4196,4196,6,6,1,0.86083984375,0.86083984375
4197,4197,6,6,1,0.73095703125,0.73095703125
4198,4198,3,7,0,0.9580078125,0.00244903564453125
4199,4199,6,6,1,0.94970703125,0.94970703125
4200,4200,8,8,1,0.99853515625,0.99853515625
4201,4201,8,8,1,0.720703125,0.720703125
4202,4202,1,1,1,0.98974609375,0.98974609375
4203,4203,1,9,0,0.62451171875,0.366943359375
4204,4204,9,9,1,0.87109375,0.87109375
4205,4205,4,4,1,0.89892578125,0.89892578125
4206,4206,3,3,1,1.0,1.0
4207,4207,7,7,1,0.61767578125,0.61767578125
4208,4208,7,7,1,0.99853515625,0.99853515625
4209,4209,4,4,1,0.9794921875,0.9794921875
4210,4210,6,6,1,0.92529296875,0.92529296875
4211,4211,7,7,1,0.99755859375,0.99755859375
4212,4212,8,8,1,0.82373046875,0.82373046875
4213,4213,1,1,1,0.82177734375,0.82177734375
4214,4214,1,1,1,0.9775390625,0.9775390625
4215,4215,0,0,1,0.52197265625,0.52197265625
4216,4216,7,7,1,0.98388671875,0.98388671875
4217,4217,3,3,1,0.7431640625,0.7431640625
4218,4218,0,0,1,0.470947265625,0.470947265625
4219,4219,4,4,1,0.90185546875,0.90185546875
4220,4220,1,9,0,0.94677734375,0.0501708984375
4221,4221,6,6,1,0.9375,0.9375
4222,4222,2,5,0,0.406494140625,0.239013671875
4223,4223,3,3,1,0.841796875,0.841796875
4224,4224,8,8,1,0.78271484375,0.78271484375
4225,4225,1,9,0,0.857421875,0.1356201171875
4226,4226,9,9,1,0.95703125,0.95703125
4227,4227,9,9,1,0.9794921875,0.9794921875
4228,4228,8,9,0,0.66552734375,0.022064208984375
4229,4229,8,4,0,0.55126953125,0.403076171875
4230,4230,6,6,1,0.70166015625,0.70166015625
4231,4231,1,1,1,0.99560546875,0.99560546875
4232,4232,6,6,1,0.6640625,0.6640625
4233,4233,6,6,1,0.96337890625,0.96337890625
4234,4234,7,7,1,0.9599609375,0.9599609375
4235,4235,1,1,1,0.99755859375,0.99755859375
4236,4236,9,9,1,0.9951171875,0.9951171875
4237,4237,7,7,1,0.97314453125,0.97314453125
4238,4238,9,9,1,0.357666015625,0.357666015625
4239,4239,3,3,1,0.51513671875,0.51513671875
4240,4240,0,0,1,0.7265625,0.7265625
4241,4241,0,6,0,0.379638671875,0.277587890625
4242,4242,1,1,1,0.52734375,0.52734375
4243,4243,2,2,1,0.7138671875,0.7138671875
4244,4244,3,6,0,0.71630859375,0.0855712890625
4245,4245,7,7,1,0.74560546875,0.74560546875
4246,4246,3,3,1,0.9912109375,0.9912109375
4247,4247,3,5,0,0.79931640625,0.0282135009765625
4248,4248,2,6,0,0.55615234375,0.2177734375
4249,4249,5,5,1,0.86083984375,0.86083984375
4250,4250,9,9,1,0.9560546875,0.9560546875
4251,4251,9,9,1,0.93798828125,0.93798828125
4252,4252,2,2,1,0.66259765625,0.66259765625
4253,4253,8,8,1,0.95751953125,0.95751953125
4254,4254,0,0,1,0.81591796875,0.81591796875
4255,4255,1,1,1,0.65478515625,0.65478515625
4256,4256,4,4,1,0.97412109375,0.97412109375
4257,4257,1,1,1,0.99462890625,0.99462890625
4258,4258,0,6,0,0.50537109375,0.474609375
4259,4259,7,7,1,0.93212890625,0.93212890625
4260,4260,1,1,1,0.84033203125,0.84033203125
4261,4261,8,6,0,0.81982421875,0.00040030479431152344
4262,4262,7,7,1,0.96435546875,0.96435546875
4263,4263,8,8,1,0.9912109375,0.9912109375
4264,4264,3,3,1,0.9775390625,0.9775390625
4265,4265,2,1,0,0.4580078125,0.3916015625
4266,4266,2,6,0,0.302001953125,0.25830078125
4267,4267,8,8,1,0.8759765625,0.8759765625
4268,4268,6,2,0,0.82861328125,0.07952880859375
4269,4269,4,7,0,0.6611328125,0.2431640625
4270,4270,1,1,1,0.97607421875,0.97607421875
4271,4271,1,1,1,0.9912109375,0.9912109375
4272,4272,8,8,1,0.978515625,0.978515625
4273,4273,2,2,1,0.79833984375,0.79833984375
4274,4274,2,1,0,0.732421875,0.1739501953125
4275,4275,4,4,1,0.95166015625,0.95166015625
4276,4276,9,9,1,0.9931640625,0.9931640625
4277,4277,2,1,0,0.513671875,0.453369140625
4278,4278,0,2,0,0.344482421875,0.2025146484375
4279,4279,2,9,0,0.8486328125,0.01995849609375
4280,4280,9,9,1,0.9296875,0.9296875
4281,4281,4,4,1,0.72998046875,0.72998046875
4282,4282,6,6,1,0.6494140625,0.6494140625
4283,4283,8,7,0,0.4404296875,0.2509765625
4284,4284,3,7,0,0.470703125,0.260009765625
4285,4285,2,1,0,0.931640625,0.0478515625
4286,4286,1,1,1,0.9970703125,0.9970703125
4287,4287,0,0,1,0.55078125,0.55078125
4288,4288,2,8,0,0.6123046875,0.02777099609375
4289,4289,5,5,1,0.900390625,0.900390625
4290,4290,3,3,1,0.3310546875,0.3310546875
4291,4291,9,9,1,0.96044921875,0.96044921875
4292,4292,0,0,1,0.335693359375,0.335693359375
4293,4293,7,7,1,0.87890625,0.87890625
4294,4294,7,7,1,0.8681640625,0.8681640625
4295,4295,7,7,1,0.87939453125,0.87939453125
4296,4296,2,2,1,0.6171875,0.6171875
4297,4297,2,2,1,0.40380859375,0.40380859375
4298,4298,4,4,1,0.9462890625,0.9462890625
4299,4299,9,9,1,0.958984375,0.958984375
4300,4300,3,3,1,0.9658203125,0.9658203125
4301,4301,0,9,0,0.245849609375,0.06829833984375
4302,4302,7,7,1,0.95654296875,0.95654296875
4303,4303,8,6,0,0.483154296875,0.01287841796875
4304,4304,9,9,1,0.94384765625,0.94384765625
4305,4305,5,5,1,0.4775390625,0.4775390625
4306,4306,9,9,1,0.994140625,0.994140625
4307,4307,0,2,0,0.41455078125,0.1431884765625
4308,4308,5,5,1,0.68408203125,0.68408203125
4309,4309,9,9,1,0.958984375,0.958984375
4310,4310,7,7,1,0.97021484375,0.97021484375
4311,4311,9,9,1,0.87890625,0.87890625
4312,4312,3,3,1,0.57861328125,0.57861328125
4313,4313,9,9,1,0.697265625,0.697265625
4314,4314,8,8,1,0.410888671875,0.410888671875
4315,4315,2,8,0,0.91357421875,0.00543212890625
4316,4316,2,1,0,0.79638671875,0.177734375
4317,4317,9,9,1,0.95556640625,0.95556640625
4318,4318,7,7,1,0.87548828125,0.87548828125
4319,4319,4,4,1,0.9228515625,0.9228515625
4320,4320,4,4,1,0.6201171875,0.6201171875
4321,4321,0,2,0,0.7021484375,0.01551055908203125
4322,4322,8,8,1,0.69091796875,0.69091796875
4323,4323,7,7,1,0.982421875,0.982421875
4324,4324,0,2,0,0.419677734375,0.164306640625
4325,4325,3,3,1,0.99560546875,0.99560546875
4326,4326,8,8,1,0.9775390625,0.9775390625
4327,4327,9,9,1,0.97900390625,0.97900390625
4328,4328,4,4,1,0.99365234375,0.99365234375
4329,4329,7,7,1,0.99267578125,0.99267578125
4330,4330,7,7,1,0.9287109375,0.9287109375
4331,4331,9,9,1,0.99853515625,0.99853515625
4332,4332,5,5,1,0.95166015625,0.95166015625
4333,4333,2,6,0,0.666015625,0.0177459716796875
4334,4334,0,0,1,0.7197265625,0.7197265625
4335,4335,1,1,1,0.99853515625,0.99853515625
4336,4336,2,6,0,0.451904296875,0.091796875
4337,4337,3,3,1,0.47412109375,0.47412109375
4338,4338,0,6,0,0.68017578125,0.1719970703125
4339,4339,1,1,1,0.97509765625,0.97509765625
4340,4340,4,4,1,0.55810546875,0.55810546875
4341,4341,3,3,1,0.9892578125,0.9892578125
4342,4342,0,8,0,0.381591796875,0.0215301513671875
4343,4343,7,7,1,0.98388671875,0.98388671875
4344,4344,0,0,1,0.6181640625,0.6181640625
4345,4345,7,7,1,0.99365234375,0.99365234375
4346,4346,7,7,1,0.91357421875,0.91357421875
4347,4347,2,2,1,0.484619140625,0.484619140625
4348,4348,0,0,1,0.923828125,0.923828125
4349,4349,1,1,1,0.99365234375,0.99365234375
4350,4350,4,4,1,0.93896484375,0.93896484375
4351,4351,9,9,1,0.92529296875,0.92529296875
4352,4352,6,6,1,0.93505859375,0.93505859375
4353,4353,3,4,0,0.52587890625,0.0001036524772644043
4354,4354,1,1,1,0.94140625,0.94140625
4355,4355,7,7,1,0.99755859375,0.99755859375
4356,4356,1,1,1,0.98388671875,0.98388671875
4357,4357,7,7,1,0.9453125,0.9453125
4358,4358,4,4,1,0.8759765625,0.8759765625
4359,4359,8,8,1,0.9970703125,0.9970703125
4360,4360,4,4,1,0.99169921875,0.99169921875
4361,4361,9,9,1,0.974609375,0.974609375
4362,4362,0,5,0,0.359619140625,0.2396240234375
4363,4363,9,9,1,0.95751953125,0.95751953125
4364,4364,3,5,0,0.82177734375,0.06744384765625
4365,4365,9,9,1,0.9873046875,0.9873046875
4366,4366,1,1,1,0.765625,0.765625
4367,4367,6,6,1,0.939453125,0.939453125
4368,4368,0,6,0,0.7314453125,0.2529296875
4369,4369,4,4,1,0.99560546875,0.99560546875
4370,4370,6,6,1,0.7275390625,0.7275390625
4371,4371,1,1,1,0.5634765625,0.5634765625
4372,4372,0,2,0,0.65478515625,0.02703857421875
4373,4373,8,8,1,0.9853515625,0.9853515625
4374,4374,0,6,0,0.7314453125,0.19677734375
4375,4375,4,4,1,0.64892578125,0.64892578125
4376,4376,1,1,1,0.99267578125,0.99267578125
4377,4377,6,6,1,0.974609375,0.974609375
4378,4378,8,5,0,0.7861328125,0.039154052734375
4379,4379,7,7,1,0.91748046875,0.91748046875
4380,4380,8,8,1,0.970703125,0.970703125
4381,4381,2,2,1,0.75341796875,0.75341796875
4382,4382,2,1,0,0.96142578125,0.0233154296875
4383,4383,0,9,0,0.3955078125,0.028656005859375
4384,4384,6,6,1,0.912109375,0.912109375
4385,4385,2,1,0,0.55419921875,0.41845703125
4386,4386,5,5,1,0.9765625,0.9765625
4387,4387,9,9,1,0.93994140625,0.93994140625
4388,4388,2,6,0,0.6298828125,0.08526611328125
4389,4389,7,7,1,0.521484375,0.521484375
4390,4390,8,8,1,0.72265625,0.72265625
4391,4391,7,7,1,0.8779296875,0.8779296875
4392,4392,1,1,1,0.98388671875,0.98388671875
4393,4393,1,1,1,0.9970703125,0.9970703125
4394,4394,0,0,1,0.6533203125,0.6533203125
4395,4395,0,6,0,0.46728515625,0.1614990234375
4396,4396,1,1,1,0.9990234375,0.9990234375
4397,4397,8,5,0,0.73583984375,0.16943359375
4398,4398,4,4,1,0.98193359375,0.98193359375
4399,4399,1,1,1,0.99609375,0.99609375
4400,4400,6,6,1,0.9375,0.9375
4401,4401,4,4,1,0.99951171875,0.99951171875
4402,4402,2,2,1,0.720703125,0.720703125
4403,4403,3,4,0,0.67529296875,0.040557861328125
4404,4404,6,6,1,0.94384765625,0.94384765625
4405,4405,1,1,1,0.9833984375,0.9833984375
4406,4406,8,8,1,0.9716796875,0.9716796875
4407,4407,8,5,0,0.662109375,0.042327880859375
4408,4408,4,4,1,0.94921875,0.94921875
4409,4409,8,6,0,0.48486328125,0.45556640625
4410,4410,6,6,1,0.92333984375,0.92333984375
4411,4411,7,7,1,0.90966796875,0.90966796875
4412,4412,6,6,1,0.6103515625,0.6103515625
4413,4413,9,9,1,0.97265625,0.97265625
4414,4414,8,8,1,0.8984375,0.8984375
4415,4415,1,1,1,0.99365234375,0.99365234375
4416,4416,2,1,0,0.54345703125,0.3974609375
4417,4417,1,1,1,0.80859375,0.80859375
4418,4418,4,4,1,0.98779296875,0.98779296875
4419,4419,9,9,1,0.9833984375,0.9833984375
4420,4420,3,3,1,0.560546875,0.560546875
4421,4421,8,8,1,0.56689453125,0.56689453125
4422,4422,2,2,1,0.49169921875,0.49169921875
4423,4423,9,9,1,0.98291015625,0.98291015625
4424,4424,3,5,0,0.8291015625,0.03424072265625
4425,4425,1,1,1,0.99951171875,0.99951171875
4426,4426,8,4,0,0.91845703125,0.07537841796875
4427,4427,9,9,1,0.95166015625,0.95166015625
4428,4428,8,5,0,0.90478515625,0.0022430419921875
4429,4429,8,8,1,0.9443359375,0.9443359375
4430,4430,8,5,0,0.54833984375,0.2431640625
4431,4431,9,9,1,0.66064453125,0.66064453125
4432,4432,4,4,1,0.94287109375,0.94287109375
4433,4433,1,1,1,0.9775390625,0.9775390625
4434,4434,1,1,1,0.5908203125,0.5908203125
4435,4435,3,3,1,0.88037109375,0.88037109375
4436,4436,3,4,0,0.9794921875,0.01486968994140625
4437,4437,5,5,1,0.9228515625,0.9228515625
4438,4438,6,6,1,0.8896484375,0.8896484375
4439,4439,2,1,0,0.7822265625,0.04412841796875
4440,4440,4,4,1,1.0,1.0
4441,4441,7,7,1,0.99853515625,0.99853515625
4442,4442,4,4,1,0.99853515625,0.99853515625
4443,4443,8,8,1,0.8876953125,0.8876953125
4444,4444,2,6,0,0.66357421875,0.244140625
4445,4445,4,4,1,0.99609375,0.99609375
4446,4446,3,3,1,0.52001953125,0.52001953125
4447,4447,9,9,1,0.99951171875,0.99951171875
4448,4448,0,0,1,0.385986328125,0.385986328125
4449,4449,7,7,1,0.96044921875,0.96044921875
4450,4450,3,3,1,0.30908203125,0.30908203125
4451,4451,2,2,1,0.86328125,0.86328125
4452,4452,5,5,1,0.93603515625,0.93603515625
4453,4453,7,7,1,0.99609375,0.99609375
4454,4454,4,4,1,1.0,1.0
4455,4455,7,7,1,0.8525390625,0.8525390625
4456,4456,7,7,1,0.98779296875,0.98779296875
4457,4457,2,1,0,0.75537109375,0.123291015625
4458,4458,3,3,1,0.8896484375,0.8896484375
4459,4459,5,5,1,0.87353515625,0.87353515625
4460,4460,7,7,1,0.9599609375,0.9599609375
4461,4461,9,9,1,0.9609375,0.9609375
4462,4462,1,1,1,0.78515625,0.78515625
4463,4463,6,6,1,0.96875,0.96875
4464,4464,5,5,1,0.79052734375,0.79052734375
4465,4465,9,9,1,0.90771484375,0.90771484375
4466,4466,2,1,0,0.6943359375,0.289306640625
4467,4467,5,6,0,0.5654296875,0.388671875
4468,4468,9,9,1,0.96923828125,0.96923828125
4469,4469,6,2,0,0.384765625,0.11370849609375
4470,4470,7,7,1,0.91162109375,0.91162109375
4471,4471,8,8,1,0.98291015625,0.98291015625
4472,4472,6,6,1,0.78076171875,0.78076171875
4473,4473,8,4,0,0.61669921875,0.291259765625
4474,4474,8,8,1,0.69873046875,0.69873046875
4475,4475,9,9,1,0.97119140625,0.97119140625
4476,4476,1,9,0,0.6015625,0.388427734375
4477,4477,0,5,0,0.5205078125,0.1588134765625
4478,4478,0,2,0,0.408935546875,0.0733642578125
4479,4479,2,6,0,0.62060546875,0.07183837890625
4480,4480,8,5,0,0.451904296875,0.341064453125
4481,4481,4,4,1,0.66357421875,0.66357421875
4482,4482,3,4,0,0.7197265625,0.0037784576416015625
4483,4483,6,4,0,0.7626953125,0.2117919921875
4484,4484,6,6,1,0.68212890625,0.68212890625
4485,4485,1,1,1,0.9921875,0.9921875
4486,4486,9,9,1,0.91650390625,0.91650390625
4487,4487,5,5,1,0.99609375,0.99609375
4488,4488,4,7,0,0.65087890625,0.348388671875
4489,4489,6,6,1,0.94287109375,0.94287109375
4490,4490,4,4,1,0.92724609375,0.92724609375
4491,4491,1,1,1,0.99072265625,0.99072265625
4492,4492,6,6,1,0.669921875,0.669921875
4493,4493,0,0,1,0.451416015625,0.451416015625
4494,4494,1,1,1,0.97509765625,0.97509765625
4495,4495,9,9,1,0.90283203125,0.90283203125
4496,4496,5,5,1,0.237548828125,0.237548828125
4497,4497,5,5,1,0.99853515625,0.99853515625
4498,4498,6,6,1,0.984375,0.984375
4499,4499,5,5,1,0.84326171875,0.84326171875
4500,4500,6,6,1,0.8876953125,0.8876953125
4501,4501,1,1,1,0.99072265625,0.99072265625
4502,4502,1,1,1,0.9912109375,0.9912109375
4503,4503,9,9,1,0.97607421875,0.97607421875
4504,4504,9,9,1,0.935546875,0.935546875
4505,4505,3,4,0,0.6552734375,0.0019588470458984375
4506,4506,7,7,1,0.8154296875,0.8154296875
4507,4507,5,5,1,0.7333984375,0.7333984375
4508,4508,2,1,0,0.41845703125,0.2384033203125
4509,4509,0,2,0,0.56103515625,0.0109405517578125
4510,4510,9,9,1,0.99853515625,0.99853515625
4511,4511,9,9,1,0.97216796875,0.97216796875
4512,4512,0,1,0,0.8291015625,0.018310546875
4513,4513,7,7,1,0.9873046875,0.9873046875
4514,4514,4,4,1,0.76416015625,0.76416015625
4515,4515,9,9,1,0.99755859375,0.99755859375
4516,4516,7,7,1,0.9345703125,0.9345703125
4517,4517,6,6,1,0.67724609375,0.67724609375
4518,4518,1,1,1,0.99462890625,0.99462890625
4519,4519,3,3,1,0.92236328125,0.92236328125
4520,4520,2,6,0,0.8427734375,0.0030384063720703125
4521,4521,3,7,0,0.7822265625,0.158935546875
4522,4522,7,7,1,0.98779296875,0.98779296875
4523,4523,4,4,1,0.99951171875,0.99951171875
4524,4524,4,7,0,0.56103515625,0.43701171875
4525,4525,3,3,1,0.9921875,0.9921875
4526,4526,3,8,0,0.75,0.13037109375
4527,4527,2,1,0,0.806640625,0.0963134765625
4528,4528,5,5,1,0.4970703125,0.4970703125
4529,4529,1,1,1,0.97216796875,0.97216796875
4530,4530,2,2,1,0.64501953125,0.64501953125
4531,4531,4,4,1,0.99267578125,0.99267578125
4532,4532,4,4,1,0.97900390625,0.97900390625
4533,4533,7,7,1,0.826171875,0.826171875
4534,4534,5,5,1,0.9736328125,0.9736328125
4535,4535,1,1,1,0.99755859375,0.99755859375
4536,4536,8,8,1,0.9423828125,0.9423828125
4537,4537,5,5,1,0.984375,0.984375
4538,4538,6,6,1,0.61328125,0.61328125
4539,4539,1,1,1,0.9833984375,0.9833984375
4540,4540,3,4,0,0.88720703125,0.004512786865234375
4541,4541,5,5,1,0.9716796875,0.9716796875
4542,4542,8,5,0,0.73193359375,0.093017578125
4543,4543,4,4,1,0.99560546875,0.99560546875
4544,4544,4,4,1,1.0,1.0
4545,4545,9,9,1,0.96533203125,0.96533203125
4546,4546,7,7,1,0.68505859375,0.68505859375
4547,4547,1,1,1,0.99365234375,0.99365234375
4548,4548,1,9,0,0.55419921875,0.431640625
4549,4549,0,2,0,0.307861328125,0.0457763671875
4550,4550,0,6,0,0.465087890625,0.1878662109375
4551,4551,3,4,0,0.48046875,0.1767578125
4552,4552,6,6,1,0.93115234375,0.93115234375
4553,4553,3,7,0,0.982421875,0.0034351348876953125
4554,4554,9,9,1,0.87744140625,0.87744140625
4555,4555,2,1,0,0.861328125,0.10614013671875
4556,4556,1,1,1,0.67041015625,0.67041015625
4557,4557,1,1,1,0.85888671875,0.85888671875
4558,4558,9,9,1,0.9453125,0.9453125
4559,4559,6,6,1,0.6474609375,0.6474609375
4560,4560,9,9,1,0.9404296875,0.9404296875
4561,4561,3,5,0,0.55322265625,0.08221435546875
4562,4562,0,0,1,0.6279296875,0.6279296875
4563,4563,0,5,0,0.4384765625,0.2071533203125
4564,4564,7,2,0,0.8232421875,0.08148193359375
4565,4565,5,5,1,0.2325439453125,0.2325439453125
4566,4566,0,9,0,0.779296875,0.0005888938903808594
4567,4567,2,2,1,0.73291015625,0.73291015625
4568,4568,2,2,1,0.8779296875,0.8779296875
4569,4569,2,2,1,0.78173828125,0.78173828125
4570,4570,7,7,1,0.99560546875,0.99560546875
4571,4571,0,2,0,0.52685546875,0.038177490234375
4572,4572,9,9,1,0.9892578125,0.9892578125
4573,4573,2,1,0,0.34912109375,0.34912109375
4574,4574,3,5,0,0.58642578125,0.04815673828125
4575,4575,2,1,0,0.64892578125,0.06036376953125
4576,4576,9,9,1,0.9931640625,0.9931640625
4577,4577,0,0,1,0.65087890625,0.65087890625
4578,4578,9,9,1,0.921875,0.921875
4579,4579,9,9,1,0.95654296875,0.95654296875
4580,4580,7,7,1,0.97607421875,0.97607421875
4581,4581,5,5,1,0.9580078125,0.9580078125
4582,4582,2,1,0,0.9755859375,0.0173187255859375
4583,4583,0,3,0,0.416748046875,0.0723876953125
4584,4584,2,1,0,0.92919921875,0.0218505859375
4585,4585,3,3,1,0.99072265625,0.99072265625
4586,4586,2,8,0,0.444580078125,0.09918212890625
4587,4587,3,3,1,0.9296875,0.9296875
4588,4588,9,9,1,0.92578125,0.92578125
4589,4589,0,9,0,0.8251953125,0.007598876953125
4590,4590,0,0,1,0.68359375,0.68359375
4591,4591,0,2,0,0.7734375,0.0543212890625
4592,4592,1,1,1,0.96533203125,0.96533203125
4593,4593,1,1,1,0.99072265625,0.99072265625
4594,4594,8,8,1,0.8759765625,0.8759765625
4595,4595,8,7,0,0.44580078125,0.34716796875
4596,4596,0,4,0,0.274169921875,0.0232086181640625
4597,4597,1,1,1,0.9765625,0.9765625
4598,4598,2,8,0,0.9599609375,0.0007257461547851562
4599,4599,1,1,1,0.98974609375,0.98974609375
4600,4600,5,5,1,0.7060546875,0.7060546875
4601,4601,1,1,1,0.99658203125,0.99658203125
4602,4602,3,3,1,0.75830078125,0.75830078125
4603,4603,7,7,1,0.97900390625,0.97900390625
4604,4604,8,8,1,0.74658203125,0.74658203125
4605,4605,8,8,1,0.92236328125,0.92236328125
4606,4606,6,5,0,0.74609375,0.2137451171875
4607,4607,2,5,0,0.376953125,0.1895751953125
4608,4608,3,3,1,0.9951171875,0.9951171875
4609,4609,1,1,1,0.94091796875,0.94091796875
4610,4610,6,6,1,0.93408203125,0.93408203125
4611,4611,8,8,1,0.99365234375,0.99365234375
4612,4612,6,5,0,0.385986328125,0.340576171875
4613,4613,3,3,1,0.9365234375,0.9365234375
4614,4614,7,7,1,0.9990234375,0.9990234375
4615,4615,5,5,1,0.8359375,0.8359375
4616,4616,6,6,1,0.90771484375,0.90771484375
4617,4617,0,6,0,0.72119140625,0.146484375
4618,4618,8,8,1,0.4619140625,0.4619140625
4619,4619,7,7,1,0.974609375,0.974609375
4620,4620,3,5,0,0.826171875,0.004611968994140625
4621,4621,3,4,0,0.98291015625,0.0027618408203125
4622,4622,5,5,1,0.642578125,0.642578125
4623,4623,5,5,1,0.533203125,0.533203125
4624,4624,9,9,1,0.91259765625,0.91259765625
4625,4625,1,1,1,0.57373046875,0.57373046875
4626,4626,9,9,1,0.94140625,0.94140625
4627,4627,1,1,1,0.98974609375,0.98974609375
4628,4628,6,6,1,0.96875,0.96875
4629,4629,9,9,1,0.7470703125,0.7470703125
4630,4630,4,4,1,0.998046875,0.998046875
4631,4631,1,1,1,0.896484375,0.896484375
4632,4632,8,8,1,0.9794921875,0.9794921875
4633,4633,7,7,1,0.77197265625,0.77197265625
4634,4634,7,7,1,0.88134765625,0.88134765625
4635,4635,5,5,1,0.9619140625,0.9619140625
4636,4636,2,6,0,0.372314453125,0.3388671875
4637,4637,6,6,1,0.77685546875,0.77685546875
4638,4638,5,1,0,0.27685546875,0.27685546875
4639,4639,4,4,1,0.98876953125,0.98876953125
4640,4640,0,6,0,0.61376953125,0.32861328125
4641,4641,6,6,1,0.2498779296875,0.2498779296875
4642,4642,1,1,1,0.6650390625,0.6650390625
4643,4643,1,1,1,0.99609375,0.99609375
4644,4644,0,1,0,0.5126953125,0.11090087890625
4645,4645,2,5,0,0.3994140625,0.01206207275390625
4646,4646,1,1,1,0.955078125,0.955078125
4647,4647,1,1,1,0.998046875,0.998046875
4648,4648,4,4,1,0.755859375,0.755859375
4649,4649,0,5,0,0.265380859375,0.0262908935546875
4650,4650,5,5,1,0.986328125,0.986328125
4651,4651,1,1,1,0.99267578125,0.99267578125
4652,4652,7,7,1,0.71142578125,0.71142578125
4653,4653,9,9,1,0.9677734375,0.9677734375
4654,4654,2,6,0,0.5947265625,0.339111328125
4655,4655,5,5,1,0.8505859375,0.8505859375
4656,4656,4,4,1,0.998046875,0.998046875
4657,4657,7,7,1,0.95556640625,0.95556640625
4658,4658,0,0,1,0.4296875,0.4296875
4659,4659,8,8,1,0.529296875,0.529296875
4660,4660,7,7,1,0.9951171875,0.9951171875
4661,4661,2,1,0,0.888671875,0.06854248046875
4662,4662,8,8,1,0.9716796875,0.9716796875
4663,4663,0,2,0,0.307861328125,0.164794921875
4664,4664,7,7,1,0.9951171875,0.9951171875
4665,4665,9,9,1,0.98193359375,0.98193359375
4666,4666,1,1,1,0.9853515625,0.9853515625
4667,4667,2,8,0,0.5185546875,0.08465576171875
4668,4668,8,8,1,0.9716796875,0.9716796875
4669,4669,4,4,1,0.986328125,0.986328125
4670,4670,9,9,1,0.9970703125,0.9970703125
4671,4671,6,6,1,0.919921875,0.919921875
4672,4672,7,7,1,0.96435546875,0.96435546875
4673,4673,6,6,1,0.9677734375,0.9677734375
4674,4674,0,0,1,0.9931640625,0.9931640625
4675,4675,7,7,1,0.97802734375,0.97802734375
4676,4676,8,8,1,0.9501953125,0.9501953125
4677,4677,2,2,1,0.427490234375,0.427490234375
4678,4678,0,0,1,0.436767578125,0.436767578125
4679,4679,2,1,0,0.92626953125,0.06707763671875
4680,4680,4,4,1,0.9921875,0.9921875
4681,4681,7,7,1,0.99658203125,0.99658203125
4682,4682,4,4,1,0.98828125,0.98828125
4683,4683,5,5,1,0.59716796875,0.59716796875
4684,4684,1,1,1,0.98779296875,0.98779296875
4685,4685,8,5,0,0.69140625,0.030364990234375
4686,4686,9,9,1,0.99951171875,0.99951171875
4687,4687,6,6,1,0.916015625,0.916015625
4688,4688,9,9,1,0.9296875,0.9296875
4689,4689,9,9,1,0.9326171875,0.9326171875
4690,4690,8,5,0,0.3134765625,0.01215362548828125
4691,4691,6,6,1,0.77978515625,0.77978515625
4692,4692,1,1,1,0.98876953125,0.98876953125
4693,4693,0,2,0,0.65625,0.0670166015625
4694,4694,3,4,0,0.364013671875,0.258056640625
4695,4695,4,4,1,0.99169921875,0.99169921875
4696,4696,0,6,0,0.7392578125,0.2052001953125
4697,4697,0,0,1,0.76953125,0.76953125
4698,4698,3,3,1,0.99609375,0.99609375
4699,4699,7,4,0,0.475830078125,0.475830078125
4700,4700,2,1,0,0.88037109375,0.06787109375
4701,4701,0,0,1,0.401123046875,0.401123046875
4702,4702,9,9,1,0.9814453125,0.9814453125
4703,4703,3,3,1,0.99951171875,0.99951171875
4704,4704,8,8,1,0.9658203125,0.9658203125
4705,4705,4,4,1,0.9736328125,0.9736328125
4706,4706,4,4,1,0.76611328125,0.76611328125
4707,4707,3,3,1,0.9931640625,0.9931640625
4708,4708,6,6,1,0.8740234375,0.8740234375
4709,4709,6,6,1,0.9140625,0.9140625
4710,4710,6,7,0,0.5390625,0.27099609375
4711,4711,6,6,1,0.94091796875,0.94091796875
4712,4712,9,9,1,0.98779296875,0.98779296875
4713,4713,8,8,1,0.9931640625,0.9931640625
4714,4714,6,6,1,0.52001953125,0.52001953125
4715,4715,7,7,1,0.94970703125,0.94970703125
4716,4716,1,1,1,0.97314453125,0.97314453125
4717,4717,4,4,1,0.994140625,0.994140625
4718,4718,8,5,0,0.378662109375,0.0117950439453125
4719,4719,8,8,1,0.94384765625,0.94384765625
4720,4720,0,6,0,0.387451171875,0.266357421875
4721,4721,0,2,0,0.6875,0.0207672119140625
4722,4722,4,4,1,0.884765625,0.884765625
4723,4723,1,1,1,0.84716796875,0.84716796875
4724,4724,8,8,1,0.61669921875,0.61669921875
4725,4725,1,1,1,0.986328125,0.986328125
4726,4726,1,1,1,0.97705078125,0.97705078125
4727,4727,3,3,1,0.99951171875,0.99951171875
4728,4728,2,1,0,0.88720703125,0.08514404296875
4729,4729,0,9,0,0.890625,0.002277374267578125
4730,4730,1,1,1,0.54931640625,0.54931640625
4731,4731,8,8,1,0.515625,0.515625
4732,4732,8,8,1,0.97216796875,0.97216796875
4733,4733,1,1,1,0.9970703125,0.9970703125
4734,4734,0,5,0,0.64501953125,0.09588623046875
4735,4735,5,5,1,0.53125,0.53125
4736,4736,7,7,1,0.79736328125,0.79736328125
4737,4737,6,6,1,0.9599609375,0.9599609375
4738,4738,6,6,1,0.96630859375,0.96630859375
4739,4739,9,9,1,0.99560546875,0.99560546875
4740,4740,6,6,1,0.82861328125,0.82861328125
4741,4741,0,0,1,0.759765625,0.759765625
4742,4742,5,1,0,0.548828125,0.2939453125
4743,4743,7,7,1,0.9990234375,0.9990234375
4744,4744,8,6,0,0.505859375,0.0009179115295410156
4745,4745,9,9,1,0.98828125,0.98828125
4746,4746,3,3,1,1.0,1.0
4747,4747,1,1,1,0.88427734375,0.88427734375
4748,4748,2,1,0,0.7900390625,0.021728515625
4749,4749,6,2,0,0.55908203125,0.11712646484375
4750,4750,9,9,1,0.95068359375,0.95068359375
4751,4751,7,1,0,0.931640625,0.0004546642303466797
4752,4752,5,5,1,0.83642578125,0.83642578125
4753,4753,8,5,0,0.65966796875,0.3115234375
4754,4754,6,6,1,0.8173828125,0.8173828125
4755,4755,1,1,1,0.97265625,0.97265625
4756,4756,4,4,1,0.92822265625,0.92822265625
4757,4757,9,9,1,0.98193359375,0.98193359375
4758,4758,2,6,0,0.7861328125,0.15478515625
4759,4759,9,9,1,0.9638671875,0.9638671875
4760,4760,6,6,1,0.771484375,0.771484375
4761,4761,1,1,1,0.791015625,0.791015625
4762,4762,2,1,0,0.615234375,0.07818603515625
4763,4763,4,4,1,0.98828125,0.98828125
4764,4764,0,0,1,0.6220703125,0.6220703125
4765,4765,3,6,0,0.79931640625,0.003265380859375
4766,4766,6,6,1,0.51416015625,0.51416015625
4767,4767,2,1,0,0.475830078125,0.021575927734375
4768,4768,8,8,1,0.8876953125,0.8876953125
4769,4769,7,7,1,0.92822265625,0.92822265625
4770,4770,9,9,1,1.0,1.0
4771,4771,0,2,0,0.40185546875,0.0743408203125
4772,4772,4,4,1,0.85205078125,0.85205078125
4773,4773,8,8,1,0.95556640625,0.95556640625
4774,4774,6,7,0,0.57421875,0.154541015625
4775,4775,0,9,0,0.58447265625,0.0017480850219726562
4776,4776,1,1,1,0.99658203125,0.99658203125
4777,4777,8,8,1,0.96875,0.96875
4778,4778,2,1,0,0.77685546875,0.1903076171875
4779,4779,6,4,0,0.486572265625,0.429443359375
4780,4780,2,1,0,0.62890625,0.07513427734375
4781,4781,2,5,0,0.482177734375,0.039581298828125
4782,4782,2,1,0,0.9130859375,0.0322265625
4783,4783,9,9,1,1.0,1.0
4784,4784,9,9,1,0.97216796875,0.97216796875
4785,4785,1,2,0,0.8818359375,0.10205078125
4786,4786,2,1,0,0.673828125,0.10333251953125
4787,4787,4,4,1,0.96337890625,0.96337890625
4788,4788,4,4,1,0.966796875,0.966796875
4789,4789,7,7,1,0.98046875,0.98046875
4790,4790,4,4,1,0.9765625,0.9765625
4791,4791,0,2,0,0.374267578125,0.032684326171875
4792,4792,4,7,0,0.82666015625,0.1732177734375
4793,4793,1,1,1,0.51123046875,0.51123046875
4794,4794,6,6,1,0.80322265625,0.80322265625
4795,4795,0,9,0,0.75341796875,0.00786590576171875
4796,4796,0,0,1,0.55908203125,0.55908203125
4797,4797,8,8,1,0.994140625,0.994140625
4798,4798,8,8,1,0.7734375,0.7734375
4799,4799,5,5,1,0.85693359375,0.85693359375
4800,4800,9,9,1,0.9912109375,0.9912109375
4801,4801,6,6,1,0.91650390625,0.91650390625
4802,4802,6,6,1,0.97998046875,0.97998046875
4803,4803,0,2,0,0.48095703125,0.206787109375
4804,4804,4,4,1,0.98828125,0.98828125
4805,4805,1,1,1,0.95654296875,0.95654296875
4806,4806,3,3,1,0.8974609375,0.8974609375
4807,4807,5,5,1,0.99560546875,0.99560546875
4808,4808,6,6,1,0.93408203125,0.93408203125
4809,4809,6,6,1,0.96044921875,0.96044921875
4810,4810,6,6,1,0.9765625,0.9765625
4811,4811,0,9,0,0.986328125,0.00011080503463745117
4812,4812,6,6,1,0.367919921875,0.367919921875
4813,4813,8,8,1,0.6025390625,0.6025390625
4814,4814,9,9,1,0.9990234375,0.9990234375
4815,4815,8,8,1,0.998046875,0.998046875
4816,4816,9,9,1,0.8349609375,0.8349609375
4817,4817,9,9,1,0.91162109375,0.91162109375
4818,4818,1,1,1,0.89111328125,0.89111328125
4819,4819,5,5,1,0.990234375,0.990234375
4820,4820,3,3,1,0.7841796875,0.7841796875
4821,4821,4,4,1,0.74853515625,0.74853515625
4822,4822,2,2,1,0.50146484375,0.50146484375
4823,4823,6,6,1,0.60791015625,0.60791015625
4824,4824,3,3,1,0.66015625,0.66015625
4825,4825,0,5,0,0.355712890625,0.059906005859375
4826,4826,5,5,1,0.89599609375,0.89599609375
4827,4827,5,9,0,0.293212890625,0.1619873046875
4828,4828,9,9,1,0.98974609375,0.98974609375
4829,4829,5,5,1,0.875,0.875
4830,4830,1,1,1,0.9794921875,0.9794921875
4831,4831,4,4,1,0.9228515625,0.9228515625
4832,4832,7,7,1,0.69970703125,0.69970703125
4833,4833,4,4,1,0.99365234375,0.99365234375
4834,4834,3,3,1,0.705078125,0.705078125
4835,4835,4,4,1,0.99609375,0.99609375
4836,4836,6,6,1,0.94873046875,0.94873046875
4837,4837,3,2,0,0.64306640625,0.202392578125
4838,4838,5,2,0,0.87353515625,0.040863037109375
4839,4839,0,5,0,0.2822265625,0.2490234375
4840,4840,0,9,0,0.98681640625,0.0010852813720703125
4841,4841,6,6,1,0.5751953125,0.5751953125
4842,4842,5,5,1,0.52294921875,0.52294921875
4843,4843,4,4,1,0.9921875,0.9921875
4844,4844,9,9,1,0.99560546875,0.99560546875
4845,4845,6,6,1,0.93505859375,0.93505859375
4846,4846,6,6,1,0.97900390625,0.97900390625
4847,4847,5,9,0,0.53271484375,0.01419830322265625
4848,4848,9,9,1,0.9892578125,0.9892578125
4849,4849,7,7,1,0.97314453125,0.97314453125
4850,4850,0,0,1,0.73828125,0.73828125
4851,4851,1,1,1,0.541015625,0.541015625
4852,4852,1,1,1,0.9658203125,0.9658203125
4853,4853,6,6,1,0.96533203125,0.96533203125
4854,4854,2,6,0,0.52783203125,0.06304931640625
4855,4855,2,6,0,0.417724609375,0.11962890625
4856,4856,8,8,1,0.927734375,0.927734375
4857,4857,2,2,1,0.45751953125,0.45751953125
4858,4858,9,9,1,0.99169921875,0.99169921875
4859,4859,0,0,1,0.390869140625,0.390869140625
4860,4860,9,9,1,0.99365234375,0.99365234375
4861,4861,2,6,0,0.95263671875,0.0024356842041015625
4862,4862,1,1,1,0.78515625,0.78515625
4863,4863,8,8,1,0.94921875,0.94921875
4864,4864,2,6,0,0.380126953125,0.2379150390625
4865,4865,2,9,0,0.405517578125,0.2384033203125
4866,4866,0,0,1,0.52197265625,0.52197265625
4867,4867,4,7,0,0.5478515625,0.4267578125
4868,4868,2,6,0,0.60546875,0.237060546875
4869,4869,1,1,1,0.449462890625,0.449462890625
4870,4870,1,1,1,0.9921875,0.9921875
4871,4871,3,3,1,0.6044921875,0.6044921875
4872,4872,9,9,1,1.0,1.0
4873,4873,9,9,1,0.98046875,0.98046875
4874,4874,0,2,0,0.50927734375,0.176025390625
4875,4875,5,1,0,0.400390625,0.283935546875
4876,4876,2,1,0,0.93017578125,0.017578125
4877,4877,2,6,0,0.376708984375,0.365234375
4878,4878,0,6,0,0.61962890625,0.35302734375
4879,4879,7,7,1,0.97265625,0.97265625
4880,4880,2,1,0,0.83203125,0.1236572265625
4881,4881,6,6,1,0.82568359375,0.82568359375
4882,4882,7,7,1,0.8876953125,0.8876953125
4883,4883,9,9,1,0.9892578125,0.9892578125
4884,4884,2,1,0,0.61279296875,0.298583984375
4885,4885,2,2,1,0.89697265625,0.89697265625
4886,4886,7,7,1,0.97509765625,0.97509765625
4887,4887,5,5,1,0.91552734375,0.91552734375
4888,4888,2,2,1,0.408203125,0.408203125
4889,4889,0,0,1,0.31494140625,0.31494140625
4890,4890,3,6,0,0.45751953125,0.00395965576171875
4891,4891,9,9,1,0.91552734375,0.91552734375
4892,4892,7,7,1,0.904296875,0.904296875
4893,4893,3,3,1,0.9931640625,0.9931640625
4894,4894,9,9,1,0.97900390625,0.97900390625
4895,4895,4,4,1,0.99658203125,0.99658203125
4896,4896,2,2,1,0.89697265625,0.89697265625
4897,4897,0,1,0,0.2919921875,0.04339599609375
4898,4898,1,1,1,0.9970703125,0.9970703125
4899,4899,0,6,0,0.37548828125,0.352783203125
4900,4900,8,6,0,0.5361328125,0.01078033447265625
4901,4901,2,2,1,0.76123046875,0.76123046875
4902,4902,9,9,1,0.705078125,0.705078125
4903,4903,0,6,0,0.40771484375,0.23974609375
4904,4904,6,6,1,0.9775390625,0.9775390625
4905,4905,2,1,0,0.96240234375,0.006900787353515625
4906,4906,3,3,1,1.0,1.0
4907,4907,3,5,0,0.794921875,0.104248046875
4908,4908,7,7,1,0.8896484375,0.8896484375
4909,4909,9,9,1,0.994140625,0.994140625
4910,4910,5,5,1,0.982421875,0.982421875
4911,4911,2,6,0,0.453369140625,0.0211944580078125
4912,4912,7,7,1,0.9599609375,0.9599609375
4913,4913,7,7,1,0.921875,0.921875
4914,4914,8,8,1,0.900390625,0.900390625
4915,4915,7,7,1,0.9921875,0.9921875
4916,4916,8,3,0,0.5546875,0.040191650390625
4917,4917,4,4,1,0.99755859375,0.99755859375
4918,4918,1,1,1,0.99755859375,0.99755859375
4919,4919,0,0,1,0.66845703125,0.66845703125
4920,4920,7,7,1,0.9951171875,0.9951171875
4921,4921,8,8,1,0.576171875,0.576171875
4922,4922,2,2,1,0.71875,0.71875
4923,4923,9,9,1,0.99169921875,0.99169921875
4924,4924,2,2,1,0.63623046875,0.63623046875
4925,4925,4,4,1,0.98388671875,0.98388671875
4926,4926,9,9,1,0.99462890625,0.99462890625
4927,4927,3,7,0,0.40673828125,0.05859375
4928,4928,9,9,1,0.9892578125,0.9892578125
4929,4929,4,4,1,0.826171875,0.826171875
4930,4930,9,9,1,0.99853515625,0.99853515625
4931,4931,0,9,0,0.94140625,0.0009140968322753906
4932,4932,0,0,1,0.52197265625,0.52197265625
4933,4933,9,9,1,0.9970703125,0.9970703125
4934,4934,1,1,1,0.998046875,0.998046875
4935,4935,2,6,0,0.70849609375,0.173583984375
4936,4936,1,1,1,0.87353515625,0.87353515625
4937,4937,2,1,0,0.76708984375,0.18798828125
4938,4938,4,4,1,0.99853515625,0.99853515625
4939,4939,1,1,1,0.99853515625,0.99853515625
4940,4940,8,8,1,0.9619140625,0.9619140625
4941,4941,7,7,1,0.89306640625,0.89306640625
4942,4942,4,4,1,0.99853515625,0.99853515625
4943,4943,2,2,1,0.63232421875,0.63232421875
4944,4944,2,8,0,0.85791015625,0.0221710205078125
4945,4945,9,9,1,0.98046875,0.98046875
4946,4946,2,1,0,0.42236328125,0.21240234375
4947,4947,0,2,0,0.75146484375,0.03741455078125
4948,4948,0,6,0,0.603515625,0.3896484375
4949,4949,1,1,1,0.93408203125,0.93408203125
4950,4950,8,8,1,0.98974609375,0.98974609375
4951,4951,9,9,1,1.0,1.0
4952,4952,0,6,0,0.398681640625,0.291748046875
4953,4953,2,1,0,0.5693359375,0.08203125
4954,4954,7,7,1,0.95751953125,0.95751953125
4955,4955,8,8,1,0.99658203125,0.99658203125
4956,4956,2,2,1,0.599609375,0.599609375
4957,4957,6,6,1,0.96484375,0.96484375
4958,4958,5,5,1,0.75390625,0.75390625
4959,4959,1,1,1,0.79296875,0.79296875
4960,4960,1,1,1,0.99755859375,0.99755859375
4961,4961,6,2,0,0.6484375,0.04412841796875
4962,4962,1,1,1,0.984375,0.984375
4963,4963,2,6,0,0.48486328125,0.2763671875
4964,4964,2,5,0,0.370361328125,0.2626953125
4965,4965,9,9,1,0.99658203125,0.99658203125
4966,4966,4,4,1,0.91162109375,0.91162109375
4967,4967,7,7,1,0.89208984375,0.89208984375
4968,4968,7,7,1,0.59130859375,0.59130859375
4969,4969,2,1,0,0.810546875,0.08026123046875
4970,4970,8,8,1,0.96875,0.96875
4971,4971,4,4,1,1.0,1.0
4972,4972,6,6,1,0.9580078125,0.9580078125
4973,4973,2,2,1,0.396240234375,0.396240234375
4974,4974,8,8,1,0.97216796875,0.97216796875
4975,4975,0,6,0,0.35009765625,0.30908203125
4976,4976,8,8,1,0.86328125,0.86328125
4977,4977,7,7,1,0.9677734375,0.9677734375
4978,4978,1,1,1,0.9892578125,0.9892578125
4979,4979,1,1,1,0.99853515625,0.99853515625
4980,4980,7,7,1,0.71875,0.71875
4981,4981,7,7,1,0.98779296875,0.98779296875
4982,4982,0,9,0,0.454345703125,0.020599365234375
4983,4983,4,4,1,0.8798828125,0.8798828125
4984,4984,4,4,1,0.5869140625,0.5869140625
4985,4985,1,1,1,0.74365234375,0.74365234375
4986,4986,2,1,0,0.439697265625,0.0921630859375
4987,4987,1,9,0,0.943359375,0.054901123046875
4988,4988,7,7,1,0.9384765625,0.9384765625
4989,4989,9,9,1,0.97802734375,0.97802734375
4990,4990,3,4,0,0.9287109375,0.0205230712890625
4991,4991,2,2,1,0.658203125,0.658203125
4992,4992,1,1,1,0.966796875,0.966796875
4993,4993,1,1,1,0.9443359375,0.9443359375
4994,4994,8,8,1,0.998046875,0.998046875
4995,4995,7,7,1,0.9443359375,0.9443359375
4996,4996,9,9,1,0.97900390625,0.97900390625
4997,4997,6,6,1,0.319580078125,0.319580078125
4998,4998,9,9,1,0.99951171875,0.99951171875
4999,4999,4,4,1,1.0,1.0
5000,5000,0,2,0,0.499755859375,0.0924072265625
5001,5001,9,9,1,0.97900390625,0.97900390625
5002,5002,9,9,1,0.98193359375,0.98193359375
5003,5003,0,0,1,0.72265625,0.72265625
5004,5004,2,1,0,0.52734375,0.3857421875
5005,5005,7,7,1,0.66845703125,0.66845703125
5006,5006,3,6,0,0.460205078125,0.001293182373046875
5007,5007,5,6,0,0.7939453125,0.0164794921875
5008,5008,1,1,1,0.8203125,0.8203125
5009,5009,7,7,1,0.499755859375,0.499755859375
5010,5010,4,4,1,0.9521484375,0.9521484375
5011,5011,9,9,1,0.99755859375,0.99755859375
5012,5012,4,4,1,0.9892578125,0.9892578125
5013,5013,7,7,1,0.9560546875,0.9560546875
5014,5014,8,1,0,0.90771484375,0.0088958740234375
5015,5015,1,9,0,0.73583984375,0.25439453125
5016,5016,0,0,1,0.65234375,0.65234375
5017,5017,2,8,0,0.454345703125,0.024078369140625
5018,5018,7,7,1,0.99365234375,0.99365234375
5019,5019,7,7,1,0.9892578125,0.9892578125
5020,5020,4,4,1,0.8740234375,0.8740234375
5021,5021,6,2,0,0.8173828125,0.024688720703125
5022,5022,2,2,1,0.8076171875,0.8076171875
5023,5023,5,5,1,0.8779296875,0.8779296875
5024,5024,6,6,1,0.701171875,0.701171875
5025,5025,7,7,1,0.99169921875,0.99169921875
5026,5026,0,5,0,0.26904296875,0.02349853515625
5027,5027,5,5,1,0.95166015625,0.95166015625
5028,5028,6,6,1,0.76513671875,0.76513671875
5029,5029,0,2,0,0.63916015625,0.03387451171875
5030,5030,2,2,1,0.50537109375,0.50537109375
5031,5031,9,9,1,1.0,1.0
5032,5032,0,6,0,0.462158203125,0.1324462890625
5033,5033,5,5,1,0.59716796875,0.59716796875
5034,5034,7,7,1,0.9541015625,0.9541015625
5035,5035,4,4,1,0.96630859375,0.96630859375
5036,5036,1,1,1,0.99658203125,0.99658203125
5037,5037,7,7,1,0.953125,0.953125
5038,5038,9,9,1,0.9970703125,0.9970703125
5039,5039,6,6,1,0.92919921875,0.92919921875
5040,5040,2,1,0,0.95703125,0.03173828125
5041,5041,7,7,1,0.99462890625,0.99462890625
5042,5042,3,3,1,0.55224609375,0.55224609375
5043,5043,1,1,1,0.98583984375,0.98583984375
5044,5044,5,5,1,0.98583984375,0.98583984375
5045,5045,8,8,1,0.9912109375,0.9912109375
5046,5046,3,4,0,0.8515625,0.004467010498046875
5047,5047,3,5,0,0.41357421875,0.161865234375
5048,5048,0,4,0,0.810546875,0.0295257568359375
5049,5049,3,5,0,0.93212890625,0.006481170654296875
5050,5050,8,8,1,0.87890625,0.87890625
5051,5051,7,7,1,0.6708984375,0.6708984375
5052,5052,3,7,0,0.54443359375,0.00173187255859375
5053,5053,2,6,0,0.45849609375,0.05828857421875
5054,5054,2,1,0,0.76611328125,0.08868408203125
5055,5055,0,6,0,0.50732421875,0.447509765625
5056,5056,5,5,1,0.98681640625,0.98681640625
5057,5057,7,7,1,0.87451171875,0.87451171875
5058,5058,5,5,1,0.9580078125,0.9580078125
5059,5059,7,7,1,0.93359375,0.93359375
5060,5060,8,8,1,0.9892578125,0.9892578125
5061,5061,6,7,0,0.541015625,0.239990234375
5062,5062,7,7,1,0.92724609375,0.92724609375
5063,5063,2,1,0,0.82470703125,0.12255859375
5064,5064,4,7,0,0.5771484375,0.42236328125
5065,5065,7,7,1,0.92333984375,0.92333984375
5066,5066,7,7,1,0.75,0.75
5067,5067,4,4,1,0.99951171875,0.99951171875
5068,5068,3,3,1,0.916015625,0.916015625
5069,5069,0,0,1,0.38232421875,0.38232421875
5070,5070,1,1,1,0.9970703125,0.9970703125
5071,5071,0,0,1,0.4990234375,0.4990234375
5072,5072,2,8,0,0.953125,0.0015249252319335938
5073,5073,8,8,1,0.5126953125,0.5126953125
5074,5074,4,4,1,0.99658203125,0.99658203125
5075,5075,9,9,1,0.9853515625,0.9853515625
5076,5076,6,6,1,0.95947265625,0.95947265625
5077,5077,3,3,1,0.97509765625,0.97509765625
5078,5078,7,7,1,0.9970703125,0.9970703125
5079,5079,8,8,1,0.7998046875,0.7998046875
5080,5080,2,1,0,0.6484375,0.279052734375
5081,5081,6,6,1,0.6103515625,0.6103515625
5082,5082,8,8,1,0.97705078125,0.97705078125
5083,5083,7,7,1,0.9853515625,0.9853515625
5084,5084,0,0,1,0.60888671875,0.60888671875
5085,5085,0,5,0,0.39794921875,0.373779296875
5086,5086,4,4,1,0.94921875,0.94921875
5087,5087,9,9,1,0.9814453125,0.9814453125
5088,5088,2,1,0,0.82958984375,0.1312255859375
5089,5089,0,4,0,0.2142333984375,0.195068359375
5090,5090,5,5,1,0.9677734375,0.9677734375
5091,5091,2,1,0,0.40380859375,0.2030029296875
5092,5092,8,4,0,0.5302734375,0.45361328125
5093,5093,0,0,1,0.52685546875,0.52685546875
5094,5094,0,2,0,0.6552734375,0.08331298828125
5095,5095,1,1,1,0.95947265625,0.95947265625
5096,5096,0,2,0,0.416015625,0.09576416015625
5097,5097,9,9,1,0.986328125,0.986328125
5098,5098,4,4,1,0.77490234375,0.77490234375
5099,5099,9,9,1,0.99267578125,0.99267578125
5100,5100,8,8,1,0.338623046875,0.338623046875
5101,5101,9,9,1,0.9931640625,0.9931640625
5102,5102,7,7,1,0.9775390625,0.9775390625
5103,5103,8,4,0,0.9345703125,0.0002944469451904297
5104,5104,5,6,0,0.402587890625,0.355224609375
5105,5105,9,9,1,0.89453125,0.89453125
5106,5106,8,3,0,0.59912109375,0.1336669921875
5107,5107,2,1,0,0.474853515625,0.1978759765625
5108,5108,6,6,1,0.83740234375,0.83740234375
5109,5109,5,5,1,0.970703125,0.970703125
5110,5110,8,5,0,0.783203125,0.0134735107421875
5111,5111,1,1,1,0.9794921875,0.9794921875
5112,5112,9,9,1,0.99560546875,0.99560546875
5113,5113,9,9,1,0.994140625,0.994140625
5114,5114,7,7,1,0.9765625,0.9765625
5115,5115,2,2,1,0.87841796875,0.87841796875
5116,5116,7,7,1,0.99365234375,0.99365234375
5117,5117,9,9,1,0.99755859375,0.99755859375
5118,5118,3,3,1,0.99169921875,0.99169921875
5119,5119,8,8,1,0.64404296875,0.64404296875
5120,5120,1,1,1,0.998046875,0.998046875
5121,5121,0,0,1,0.544921875,0.544921875
5122,5122,9,9,1,0.99951171875,0.99951171875
5123,5123,6,6,1,0.65283203125,0.65283203125
5124,5124,4,4,1,0.99609375,0.99609375
5125,5125,2,1,0,0.85205078125,0.130615234375
5126,5126,7,7,1,0.97509765625,0.97509765625
5127,5127,7,4,0,0.497314453125,0.497314453125
5128,5128,3,4,0,0.5615234375,0.00313568115234375
5129,5129,4,4,1,0.9951171875,0.9951171875
5130,5130,2,5,0,0.59423828125,0.198974609375
5131,5131,1,1,1,0.98046875,0.98046875
5132,5132,0,2,0,0.705078125,0.032989501953125
5133,5133,2,2,1,0.76025390625,0.76025390625
5134,5134,3,4,0,0.60302734375,0.251220703125
5135,5135,0,6,0,0.5126953125,0.4248046875
5136,5136,1,1,1,0.58056640625,0.58056640625
5137,5137,9,9,1,0.99755859375,0.99755859375
5138,5138,3,3,1,0.91552734375,0.91552734375
5139,5139,5,5,1,0.90234375,0.90234375
5140,5140,1,1,1,0.99267578125,0.99267578125
5141,5141,9,9,1,0.98388671875,0.98388671875
5142,5142,1,1,1,0.7763671875,0.7763671875
5143,5143,9,9,1,0.77490234375,0.77490234375
5144,5144,5,5,1,0.8623046875,0.8623046875
5145,5145,8,8,1,0.9951171875,0.9951171875
5146,5146,3,3,1,0.673828125,0.673828125
5147,5147,2,1,0,0.591796875,0.40673828125
5148,5148,0,4,0,0.6826171875,0.00628662109375
5149,5149,7,7,1,0.814453125,0.814453125
5150,5150,0,0,1,0.370849609375,0.370849609375
5151,5151,8,8,1,0.96435546875,0.96435546875
5152,5152,1,1,1,0.998046875,0.998046875
5153,5153,7,2,0,0.57275390625,0.254150390625
5154,5154,1,1,1,0.9931640625,0.9931640625
5155,5155,0,0,1,0.93408203125,0.93408203125
5156,5156,9,9,1,0.994140625,0.994140625
5157,5157,9,9,1,0.99609375,0.99609375
5158,5158,8,5,0,0.619140625,0.242431640625
5159,5159,7,7,1,0.93896484375,0.93896484375
5160,5160,4,4,1,0.6826171875,0.6826171875
5161,5161,9,9,1,0.9970703125,0.9970703125
5162,5162,5,1,0,0.449951171875,0.11376953125
5163,5163,8,8,1,0.9609375,0.9609375
5164,5164,2,2,1,0.88037109375,0.88037109375
5165,5165,9,9,1,0.97900390625,0.97900390625
5166,5166,7,7,1,0.970703125,0.970703125
5167,5167,9,9,1,0.994140625,0.994140625
5168,5168,5,5,1,0.81201171875,0.81201171875
5169,5169,6,2,0,0.82568359375,0.11895751953125
5170,5170,2,2,1,0.5615234375,0.5615234375
5171,5171,2,2,1,0.87548828125,0.87548828125
5172,5172,8,8,1,0.94873046875,0.94873046875
5173,5173,1,1,1,0.98828125,0.98828125
5174,5174,1,1,1,0.759765625,0.759765625
5175,5175,4,4,1,0.998046875,0.998046875
5176,5176,1,1,1,0.9423828125,0.9423828125
5177,5177,0,2,0,0.57080078125,0.00634002685546875
5178,5178,5,5,1,0.98681640625,0.98681640625
5179,5179,6,2,0,0.69482421875,0.205322265625
5180,5180,7,7,1,0.9130859375,0.9130859375
5181,5181,2,1,0,0.81201171875,0.08038330078125
5182,5182,9,9,1,0.98876953125,0.98876953125
5183,5183,2,2,1,0.479248046875,0.479248046875
5184,5184,0,2,0,0.67529296875,0.055419921875
5185,5185,2,2,1,0.50439453125,0.50439453125
5186,5186,1,1,1,0.97509765625,0.97509765625
5187,5187,1,1,1,0.98828125,0.98828125
5188,5188,8,4,0,0.8505859375,0.0034770965576171875
5189,5189,4,4,1,0.8837890625,0.8837890625
5190,5190,4,4,1,0.497802734375,0.497802734375
5191,5191,7,7,1,0.96435546875,0.96435546875
5192,5192,9,9,1,0.98583984375,0.98583984375
5193,5193,8,8,1,0.986328125,0.986328125
5194,5194,1,1,1,0.60888671875,0.60888671875
5195,5195,9,9,1,0.99951171875,0.99951171875
5196,5196,8,8,1,0.9814453125,0.9814453125
5197,5197,2,1,0,0.66357421875,0.11529541015625
5198,5198,1,1,1,0.98291015625,0.98291015625
5199,5199,5,5,1,0.970703125,0.970703125
5200,5200,0,9,0,0.9775390625,0.0007867813110351562
5201,5201,7,2,0,0.8720703125,0.0232391357421875
5202,5202,2,8,0,0.4052734375,0.105712890625
5203,5203,0,0,1,0.95703125,0.95703125
5204,5204,6,6,1,0.70751953125,0.70751953125
5205,5205,5,5,1,0.7333984375,0.7333984375
5206,5206,7,7,1,0.708984375,0.708984375
5207,5207,1,1,1,0.99462890625,0.99462890625
5208,5208,6,6,1,0.8359375,0.8359375
5209,5209,0,0,1,0.83935546875,0.83935546875
5210,5210,0,9,0,0.448486328125,0.00530242919921875
5211,5211,4,4,1,0.99609375,0.99609375
5212,5212,5,5,1,0.80712890625,0.80712890625
5213,5213,8,8,1,0.71826171875,0.71826171875
5214,5214,8,8,1,0.461669921875,0.461669921875
5215,5215,6,6,1,0.74169921875,0.74169921875
5216,5216,5,5,1,0.90673828125,0.90673828125
5217,5217,5,5,1,0.75048828125,0.75048828125
5218,5218,5,5,1,0.74169921875,0.74169921875
5219,5219,9,9,1,0.9873046875,0.9873046875
5220,5220,4,4,1,0.70556640625,0.70556640625
5221,5221,2,6,0,0.82958984375,0.043975830078125
5222,5222,5,5,1,0.71826171875,0.71826171875
5223,5223,5,5,1,0.93896484375,0.93896484375
5224,5224,1,1,1,0.98291015625,0.98291015625
5225,5225,8,8,1,0.88330078125,0.88330078125
5226,5226,0,2,0,0.517578125,0.17333984375
5227,5227,1,1,1,0.5048828125,0.5048828125
5228,5228,6,6,1,0.98095703125,0.98095703125
5229,5229,7,7,1,0.9169921875,0.9169921875
5230,5230,2,6,0,0.481689453125,0.042083740234375
5231,5231,2,2,1,0.611328125,0.611328125
5232,5232,6,6,1,0.436279296875,0.436279296875
5233,5233,1,1,1,0.99560546875,0.99560546875
5234,5234,0,9,0,0.9931640625,0.00022900104522705078
5235,5235,9,4,0,0.25537109375,0.2254638671875
5236,5236,5,5,1,0.94287109375,0.94287109375
5237,5237,1,9,0,0.8876953125,0.109375
5238,5238,4,4,1,0.95361328125,0.95361328125
5239,5239,9,9,1,0.7509765625,0.7509765625
5240,5240,8,8,1,0.802734375,0.802734375
5241,5241,7,7,1,0.96923828125,0.96923828125
5242,5242,5,5,1,0.6357421875,0.6357421875
5243,5243,1,1,1,0.9765625,0.9765625
5244,5244,6,6,1,0.92626953125,0.92626953125
5245,5245,5,5,1,0.48486328125,0.48486328125
5246,5246,7,7,1,0.69287109375,0.69287109375
5247,5247,5,5,1,0.71337890625,0.71337890625
5248,5248,0,0,1,0.490966796875,0.490966796875
5249,5249,7,7,1,0.623046875,0.623046875
5250,5250,5,5,1,0.7978515625,0.7978515625
5251,5251,9,9,1,0.99267578125,0.99267578125
5252,5252,8,8,1,0.9521484375,0.9521484375
5253,5253,8,8,1,0.984375,0.984375
5254,5254,2,6,0,0.62060546875,0.07891845703125
5255,5255,0,2,0,0.34423828125,0.1575927734375
5256,5256,1,9,0,0.96923828125,0.029266357421875
5257,5257,7,7,1,0.98828125,0.98828125
5258,5258,6,6,1,0.498291015625,0.498291015625
5259,5259,1,1,1,0.5419921875,0.5419921875
5260,5260,7,7,1,0.92333984375,0.92333984375
5261,5261,4,4,1,0.94091796875,0.94091796875
5262,5262,4,4,1,0.93505859375,0.93505859375
5263,5263,3,5,0,0.390625,0.0117950439453125
5264,5264,4,4,1,0.990234375,0.990234375
5265,5265,6,6,1,0.93701171875,0.93701171875
5266,5266,7,7,1,0.89306640625,0.89306640625
5267,5267,7,7,1,0.93798828125,0.93798828125
5268,5268,5,5,1,0.97119140625,0.97119140625
5269,5269,1,1,1,0.99169921875,0.99169921875
5270,5270,3,3,1,0.91796875,0.91796875
5271,5271,4,4,1,0.99365234375,0.99365234375
5272,5272,0,2,0,0.86328125,0.0148468017578125
5273,5273,2,6,0,0.89892578125,0.0037899017333984375
5274,5274,9,9,1,0.9912109375,0.9912109375
5275,5275,9,8,0,0.5107421875,0.006038665771484375
5276,5276,8,4,0,0.69873046875,0.001190185546875
5277,5277,3,3,1,0.982421875,0.982421875
5278,5278,1,1,1,0.91748046875,0.91748046875
5279,5279,3,3,1,0.9873046875,0.9873046875
5280,5280,2,2,1,0.89208984375,0.89208984375
5281,5281,1,9,0,0.96728515625,0.031097412109375
5282,5282,6,6,1,0.45068359375,0.45068359375
5283,5283,5,5,1,0.9609375,0.9609375
5284,5284,2,1,0,0.93017578125,0.0280914306640625
5285,5285,8,5,0,0.370849609375,0.348388671875
5286,5286,2,6,0,0.7939453125,0.137939453125
5287,5287,8,8,1,0.93212890625,0.93212890625
5288,5288,8,8,1,0.93310546875,0.93310546875
5289,5289,5,5,1,0.951171875,0.951171875
5290,5290,5,5,1,0.669921875,0.669921875
5291,5291,5,5,1,0.87353515625,0.87353515625
5292,5292,3,3,1,0.448974609375,0.448974609375
5293,5293,7,7,1,0.98095703125,0.98095703125
5294,5294,0,0,1,0.77197265625,0.77197265625
5295,5295,6,6,1,0.83154296875,0.83154296875
5296,5296,3,5,0,0.919921875,0.0002722740173339844
5297,5297,0,1,0,0.39111328125,0.002254486083984375
5298,5298,4,4,1,0.96484375,0.96484375
5299,5299,8,1,0,0.5986328125,0.015960693359375
5300,5300,0,2,0,0.4521484375,0.01499176025390625
5301,5301,2,2,1,0.69677734375,0.69677734375
5302,5302,5,5,1,0.7333984375,0.7333984375
5303,5303,2,1,0,0.419677734375,0.370361328125
5304,5304,4,4,1,0.927734375,0.927734375
5305,5305,5,5,1,0.83642578125,0.83642578125
5306,5306,3,5,0,0.546875,0.003055572509765625
5307,5307,4,4,1,0.34814453125,0.34814453125
5308,5308,4,7,0,0.828125,0.168212890625
5309,5309,4,4,1,0.998046875,0.998046875
5310,5310,3,4,0,0.591796875,0.056793212890625
5311,5311,7,7,1,0.9921875,0.9921875
5312,5312,9,9,1,0.98974609375,0.98974609375
5313,5313,4,4,1,1.0,1.0
5314,5314,3,5,0,0.66796875,0.2783203125
5315,5315,2,2,1,0.314697265625,0.314697265625
5316,5316,1,9,0,0.673828125,0.30859375
5317,5317,3,4,0,0.6533203125,0.0305633544921875
5318,5318,6,5,0,0.338623046875,0.247802734375
5319,5319,5,5,1,0.787109375,0.787109375
5320,5320,0,0,1,0.82568359375,0.82568359375
5321,5321,5,5,1,0.986328125,0.986328125
5322,5322,1,1,1,0.98486328125,0.98486328125
5323,5323,6,6,1,0.5732421875,0.5732421875
5324,5324,4,4,1,0.27880859375,0.27880859375
5325,5325,2,2,1,0.9638671875,0.9638671875
5326,5326,2,1,0,0.59326171875,0.371337890625
5327,5327,5,5,1,0.90576171875,0.90576171875
5328,5328,2,2,1,0.7109375,0.7109375
5329,5329,1,1,1,0.751953125,0.751953125
5330,5330,5,5,1,0.97705078125,0.97705078125
5331,5331,0,2,0,0.80615234375,0.00719451904296875
5332,5332,5,1,0,0.44775390625,0.255126953125
5333,5333,7,7,1,0.48876953125,0.48876953125
5334,5334,6,4,0,0.9169921875,0.045654296875
5335,5335,6,6,1,0.97705078125,0.97705078125
5336,5336,7,7,1,0.94091796875,0.94091796875
5337,5337,4,4,1,0.89306640625,0.89306640625
5338,5338,7,7,1,0.998046875,0.998046875
5339,5339,9,9,1,0.98974609375,0.98974609375
5340,5340,4,4,1,0.98876953125,0.98876953125
5341,5341,7,7,1,0.74560546875,0.74560546875
5342,5342,0,6,0,0.53662109375,0.305908203125
5343,5343,6,7,0,0.82470703125,0.049530029296875
5344,5344,2,1,0,0.75341796875,0.1905517578125
5345,5345,1,1,1,0.99755859375,0.99755859375
5346,5346,0,0,1,0.419921875,0.419921875
5347,5347,5,1,0,0.67138671875,0.011199951171875
5348,5348,2,1,0,0.31494140625,0.203369140625
5349,5349,5,5,1,0.9013671875,0.9013671875
5350,5350,6,6,1,0.65869140625,0.65869140625
5351,5351,0,0,1,0.5703125,0.5703125
5352,5352,9,9,1,0.984375,0.984375
5353,5353,8,8,1,0.87646484375,0.87646484375
5354,5354,9,9,1,0.97802734375,0.97802734375
5355,5355,7,7,1,0.943359375,0.943359375
5356,5356,1,1,1,0.69580078125,0.69580078125
5357,5357,4,4,1,0.93798828125,0.93798828125
5358,5358,0,0,1,0.5234375,0.5234375
5359,5359,6,6,1,0.52783203125,0.52783203125
5360,5360,3,8,0,0.475341796875,0.1748046875
5361,5361,7,7,1,0.99609375,0.99609375
5362,5362,8,8,1,0.994140625,0.994140625
5363,5363,9,9,1,0.98583984375,0.98583984375
5364,5364,4,4,1,0.98046875,0.98046875
5365,5365,2,2,1,0.53369140625,0.53369140625
5366,5366,9,9,1,0.98828125,0.98828125
5367,5367,7,7,1,0.9951171875,0.9951171875
5368,5368,5,5,1,0.97509765625,0.97509765625
5369,5369,0,0,1,0.4892578125,0.4892578125
5370,5370,8,4,0,0.7734375,0.10467529296875
5371,5371,1,1,1,0.99951171875,0.99951171875
5372,5372,4,4,1,0.9033203125,0.9033203125
5373,5373,7,7,1,0.97021484375,0.97021484375
5374,5374,4,4,1,0.9951171875,0.9951171875
5375,5375,1,1,1,0.9892578125,0.9892578125
5376,5376,5,5,1,0.998046875,0.998046875
5377,5377,1,1,1,0.9970703125,0.9970703125
5378,5378,0,0,1,0.85986328125,0.85986328125
5379,5379,2,6,0,0.6396484375,0.05950927734375
5380,5380,9,9,1,0.99365234375,0.99365234375
5381,5381,4,4,1,0.9736328125,0.9736328125
5382,5382,4,4,1,0.998046875,0.998046875
5383,5383,2,5,0,0.572265625,0.1640625
5384,5384,2,8,0,0.63671875,0.00664520263671875
5385,5385,9,9,1,0.978515625,0.978515625
5386,5386,7,7,1,0.93408203125,0.93408203125
5387,5387,9,9,1,0.9853515625,0.9853515625
5388,5388,2,1,0,0.72119140625,0.265380859375
5389,5389,6,4,0,0.61669921875,0.040679931640625
5390,5390,8,8,1,0.8662109375,0.8662109375
5391,5391,0,2,0,0.64208984375,0.12255859375
5392,5392,7,4,0,0.701171875,0.274658203125
5393,5393,5,5,1,0.99169921875,0.99169921875
5394,5394,3,5,0,0.83642578125,0.08282470703125
5395,5395,0,3,0,0.6201171875,0.01247406005859375
5396,5396,1,1,1,0.89892578125,0.89892578125
5397,5397,6,7,0,0.5263671875,0.3505859375
5398,5398,8,8,1,0.9658203125,0.9658203125
5399,5399,1,9,0,0.88134765625,0.10528564453125
5400,5400,3,3,1,0.9462890625,0.9462890625
5401,5401,0,6,0,0.51904296875,0.295654296875
5402,5402,5,5,1,0.93212890625,0.93212890625
5403,5403,0,6,0,0.65283203125,0.1285400390625
5404,5404,2,1,0,0.708984375,0.252685546875
5405,5405,9,9,1,0.99169921875,0.99169921875
5406,5406,4,4,1,0.9677734375,0.9677734375
5407,5407,4,4,1,0.9990234375,0.9990234375
5408,5408,7,7,1,0.99267578125,0.99267578125
5409,5409,0,0,1,0.56396484375,0.56396484375
5410,5410,7,7,1,0.9765625,0.9765625
5411,5411,2,6,0,0.32080078125,0.2008056640625
5412,5412,6,6,1,0.5166015625,0.5166015625
5413,5413,3,7,0,0.68505859375,0.268310546875
5414,5414,7,7,1,0.900390625,0.900390625
5415,5415,2,2,1,0.94384765625,0.94384765625
5416,5416,3,4,0,0.98291015625,0.0011501312255859375
5417,5417,4,4,1,0.99853515625,0.99853515625
5418,5418,3,3,1,0.9990234375,0.9990234375
5419,5419,1,8,0,0.7822265625,0.041473388671875
5420,5420,7,7,1,0.994140625,0.994140625
5421,5421,1,1,1,0.68701171875,0.68701171875
5422,5422,6,4,0,0.64599609375,0.2232666015625
5423,5423,2,2,1,0.53564453125,0.53564453125
5424,5424,1,9,0,0.66015625,0.33203125
5425,5425,6,4,0,0.306884765625,0.306884765625
5426,5426,8,5,0,0.662109375,0.21484375
5427,5427,3,4,0,0.98486328125,0.00014662742614746094
5428,5428,0,0,1,0.7158203125,0.7158203125
5429,5429,7,7,1,0.99560546875,0.99560546875
5430,5430,0,2,0,0.68896484375,0.060211181640625
5431,5431,6,6,1,0.54296875,0.54296875
5432,5432,2,1,0,0.9736328125,0.005107879638671875
5433,5433,3,3,1,0.796875,0.796875
5434,5434,9,9,1,0.9931640625,0.9931640625
5435,5435,4,4,1,0.9814453125,0.9814453125
5436,5436,3,8,0,0.255615234375,0.037994384765625
5437,5437,7,7,1,0.94775390625,0.94775390625
5438,5438,1,1,1,0.9931640625,0.9931640625
5439,5439,1,9,0,0.73974609375,0.255615234375
5440,5440,8,8,1,0.95361328125,0.95361328125
5441,5441,9,9,1,0.9638671875,0.9638671875
5442,5442,1,9,0,0.7958984375,0.2012939453125
5443,5443,2,6,0,0.90673828125,0.045135498046875
5444,5444,9,9,1,0.9892578125,0.9892578125
5445,5445,4,4,1,0.99951171875,0.99951171875
5446,5446,8,8,1,0.904296875,0.904296875
5447,5447,7,7,1,0.98681640625,0.98681640625
5448,5448,0,2,0,0.34765625,0.306884765625
5449,5449,8,8,1,0.95849609375,0.95849609375
5450,5450,5,5,1,0.8798828125,0.8798828125
5451,5451,2,2,1,0.8349609375,0.8349609375
5452,5452,6,6,1,0.93994140625,0.93994140625
5453,5453,9,9,1,0.9990234375,0.9990234375
5454,5454,3,3,1,0.98779296875,0.98779296875
5455,5455,6,7,0,0.5263671875,0.1556396484375
5456,5456,6,6,1,0.423583984375,0.423583984375
5457,5457,1,1,1,0.9384765625,0.9384765625
5458,5458,9,9,1,0.984375,0.984375
5459,5459,1,1,1,0.99755859375,0.99755859375
5460,5460,5,5,1,0.98291015625,0.98291015625
5461,5461,1,1,1,0.578125,0.578125
5462,5462,6,6,1,0.91552734375,0.91552734375
5463,5463,3,3,1,0.8408203125,0.8408203125
5464,5464,1,1,1,0.9482421875,0.9482421875
5465,5465,2,2,1,0.59130859375,0.59130859375
5466,5466,2,1,0,0.400146484375,0.3759765625
5467,5467,8,8,1,0.95947265625,0.95947265625
5468,5468,9,9,1,0.99365234375,0.99365234375
5469,5469,9,8,0,0.74658203125,0.04925537109375
5470,5470,7,7,1,0.95361328125,0.95361328125
5471,5471,8,8,1,0.83984375,0.83984375
5472,5472,1,1,1,0.97607421875,0.97607421875
5473,5473,1,1,1,0.9765625,0.9765625
5474,5474,1,1,1,0.99853515625,0.99853515625
5475,5475,3,3,1,0.99755859375,0.99755859375
5476,5476,7,7,1,0.98974609375,0.98974609375
5477,5477,1,1,1,0.9990234375,0.9990234375
5478,5478,0,8,0,0.79638671875,0.019317626953125
5479,5479,9,9,1,0.99755859375,0.99755859375
5480,5480,4,4,1,0.94921875,0.94921875
5481,5481,9,9,1,0.96240234375,0.96240234375
5482,5482,3,7,0,0.82763671875,0.00557708740234375
5483,5483,6,6,1,0.97021484375,0.97021484375
5484,5484,9,9,1,0.97021484375,0.97021484375
5485,5485,8,4,0,0.59033203125,0.393310546875
5486,5486,7,7,1,0.96044921875,0.96044921875
5487,5487,3,3,1,0.98876953125,0.98876953125
5488,5488,1,1,1,0.99658203125,0.99658203125
5489,5489,8,8,1,1.0,1.0
5490,5490,9,9,1,0.99072265625,0.99072265625
5491,5491,5,5,1,0.56298828125,0.56298828125
5492,5492,0,0,1,0.76318359375,0.76318359375
5493,5493,2,1,0,0.92578125,0.052215576171875
5494,5494,8,8,1,0.98095703125,0.98095703125
5495,5495,9,9,1,0.99853515625,0.99853515625
5496,5496,6,6,1,0.4404296875,0.4404296875
5497,5497,9,9,1,0.99951171875,0.99951171875
5498,5498,6,4,0,0.74755859375,0.07879638671875
5499,5499,1,1,1,0.64111328125,0.64111328125
5500,5500,3,4,0,0.74951171875,0.0350341796875
5501,5501,9,9,1,0.97509765625,0.97509765625
5502,5502,8,5,0,0.62646484375,0.04681396484375
5503,5503,6,6,1,0.912109375,0.912109375
5504,5504,0,2,0,0.7822265625,0.033294677734375
5505,5505,6,6,1,0.73779296875,0.73779296875
5506,5506,3,3,1,0.75439453125,0.75439453125
5507,5507,0,6,0,0.69189453125,0.2391357421875
5508,5508,0,6,0,0.49462890625,0.46484375
5509,5509,2,2,1,0.8544921875,0.8544921875
5510,5510,5,5,1,0.98291015625,0.98291015625
5511,5511,3,3,1,0.9765625,0.9765625
5512,5512,0,2,0,0.52587890625,0.0296783447265625
5513,5513,1,1,1,0.9892578125,0.9892578125
5514,5514,2,1,0,0.51416015625,0.207763671875
5515,5515,6,2,0,0.72265625,0.129638671875
5516,5516,7,7,1,0.9599609375,0.9599609375
5517,5517,1,1,1,0.9990234375,0.9990234375
5518,5518,3,3,1,0.99951171875,0.99951171875
5519,5519,6,6,1,0.7587890625,0.7587890625
5520,5520,1,8,0,0.53515625,0.1968994140625
5521,5521,3,3,1,1.0,1.0
5522,5522,4,4,1,0.9990234375,0.9990234375
5523,5523,7,7,1,0.96630859375,0.96630859375
5524,5524,0,9,0,0.70654296875,0.0176849365234375
5525,5525,4,3,0,0.92431640625,0.01641845703125
5526,5526,7,7,1,0.86669921875,0.86669921875
5527,5527,9,9,1,0.99951171875,0.99951171875
5528,5528,9,9,1,0.97998046875,0.97998046875
5529,5529,0,0,1,0.904296875,0.904296875
5530,5530,8,6,0,0.308349609375,0.255615234375
5531,5531,3,6,0,0.576171875,0.07098388671875
5532,5532,1,1,1,0.998046875,0.998046875
5533,5533,9,9,1,0.982421875,0.982421875
5534,5534,6,6,1,0.9638671875,0.9638671875
5535,5535,8,4,0,0.447998046875,0.1365966796875
5536,5536,7,7,1,0.982421875,0.982421875
5537,5537,5,5,1,0.93212890625,0.93212890625
5538,5538,8,4,0,0.8037109375,0.060089111328125
5539,5539,9,9,1,0.990234375,0.990234375
5540,5540,8,8,1,0.60546875,0.60546875
5541,5541,3,3,1,0.99609375,0.99609375
5542,5542,5,5,1,0.9375,0.9375
5543,5543,9,9,1,0.98681640625,0.98681640625
5544,5544,8,8,1,0.95263671875,0.95263671875
5545,5545,1,1,1,0.8681640625,0.8681640625
5546,5546,1,1,1,0.99169921875,0.99169921875
5547,5547,2,2,1,0.5185546875,0.5185546875
5548,5548,9,9,1,0.98046875,0.98046875
5549,5549,8,5,0,0.396728515625,0.2332763671875
5550,5550,9,9,1,0.974609375,0.974609375
5551,5551,6,6,1,0.88720703125,0.88720703125
5552,5552,0,6,0,0.7119140625,0.2039794921875
5553,5553,4,7,0,0.5146484375,0.41357421875
5554,5554,4,4,1,0.93212890625,0.93212890625
5555,5555,1,1,1,0.8134765625,0.8134765625
5556,5556,3,3,1,0.68408203125,0.68408203125
5557,5557,1,9,0,0.52099609375,0.4599609375
5558,5558,0,3,0,0.591796875,0.020904541015625
5559,5559,8,6,0,0.53125,0.18359375
5560,5560,9,9,1,0.97705078125,0.97705078125
5561,5561,0,2,0,0.69775390625,0.057281494140625
5562,5562,4,4,1,0.89892578125,0.89892578125
5563,5563,2,1,0,0.85009765625,0.054351806640625
5564,5564,7,7,1,0.77685546875,0.77685546875
5565,5565,9,9,1,0.9970703125,0.9970703125
5566,5566,8,9,0,0.560546875,0.006626129150390625
5567,5567,7,7,1,0.99267578125,0.99267578125
5568,5568,7,7,1,0.94091796875,0.94091796875
5569,5569,7,7,1,0.5986328125,0.5986328125
5570,5570,1,1,1,0.9970703125,0.9970703125
5571,5571,3,4,0,0.469970703125,0.303466796875
5572,5572,2,3,0,0.91162109375,0.0081329345703125
5573,5573,5,5,1,0.9921875,0.9921875
5574,5574,3,5,0,0.7158203125,0.1455078125
5575,5575,0,6,0,0.6689453125,0.24609375
5576,5576,0,2,0,0.51513671875,0.06756591796875
5577,5577,6,6,1,0.9130859375,0.9130859375
5578,5578,4,4,1,0.8662109375,0.8662109375
5579,5579,9,9,1,0.99755859375,0.99755859375
5580,5580,3,3,1,0.8720703125,0.8720703125
5581,5581,1,1,1,0.9921875,0.9921875
5582,5582,9,9,1,0.99755859375,0.99755859375
5583,5583,7,7,1,0.97705078125,0.97705078125
5584,5584,2,1,0,0.63525390625,0.015899658203125
5585,5585,6,6,1,0.984375,0.984375
5586,5586,8,8,1,0.83642578125,0.83642578125
5587,5587,2,1,0,0.454833984375,0.06976318359375
5588,5588,8,6,0,0.52001953125,0.3154296875
5589,5589,5,5,1,0.99365234375,0.99365234375
5590,5590,8,8,1,0.9951171875,0.9951171875
5591,5591,9,9,1,0.99853515625,0.99853515625
5592,5592,5,5,1,0.955078125,0.955078125
5593,5593,9,9,1,0.671875,0.671875
5594,5594,1,1,1,0.9541015625,0.9541015625
5595,5595,9,9,1,0.998046875,0.998046875
5596,5596,2,8,0,0.26025390625,0.2158203125
5597,5597,3,5,0,0.8837890625,0.034271240234375
5598,5598,5,5,1,0.66748046875,0.66748046875
5599,5599,3,1,0,0.435546875,0.034637451171875
5600,5600,1,9,0,0.8203125,0.1719970703125
5601,5601,0,0,1,0.7861328125,0.7861328125
5602,5602,3,5,0,0.61376953125,0.07806396484375
5603,5603,7,7,1,0.70361328125,0.70361328125
5604,5604,2,1,0,0.5263671875,0.464599609375
5605,5605,1,9,0,0.939453125,0.0582275390625
5606,5606,6,6,1,0.59375,0.59375
5607,5607,8,8,1,0.9931640625,0.9931640625
5608,5608,4,4,1,0.9892578125,0.9892578125
5609,5609,0,6,0,0.58154296875,0.242431640625
5610,5610,4,4,1,1.0,1.0
5611,5611,0,0,1,0.62109375,0.62109375
5612,5612,3,5,0,0.88916015625,0.0006313323974609375
5613,5613,4,4,1,0.99609375,0.99609375
5614,5614,6,6,1,0.98193359375,0.98193359375
5615,5615,7,7,1,0.98876953125,0.98876953125
5616,5616,6,0,0,0.6767578125,0.31982421875
5617,5617,0,6,0,0.60693359375,0.209716796875
5618,5618,9,9,1,0.8896484375,0.8896484375
5619,5619,3,3,1,0.7734375,0.7734375
5620,5620,5,3,0,0.771484375,0.008056640625
5621,5621,5,5,1,0.732421875,0.732421875
5622,5622,2,8,0,0.9111328125,0.0311737060546875
5623,5623,9,9,1,0.99658203125,0.99658203125
5624,5624,6,6,1,0.9423828125,0.9423828125
5625,5625,6,0,0,0.58447265625,0.40185546875
5626,5626,8,8,1,0.96875,0.96875
5627,5627,3,4,0,0.77978515625,0.041351318359375
5628,5628,4,4,1,0.9990234375,0.9990234375
5629,5629,7,7,1,0.99072265625,0.99072265625
5630,5630,0,0,1,0.6962890625,0.6962890625
5631,5631,4,7,0,0.51416015625,0.483154296875
5632,5632,8,8,1,0.93798828125,0.93798828125
5633,5633,0,6,0,0.56591796875,0.365478515625
5634,5634,6,6,1,0.92041015625,0.92041015625
5635,5635,0,0,1,0.86767578125,0.86767578125
5636,5636,6,2,0,0.5048828125,0.08502197265625
5637,5637,5,5,1,0.77392578125,0.77392578125
5638,5638,3,3,1,0.82373046875,0.82373046875
5639,5639,8,5,0,0.8095703125,0.0908203125
5640,5640,6,2,0,0.458251953125,0.404296875
5641,5641,9,8,0,0.83056640625,0.00981903076171875
5642,5642,6,6,1,0.74169921875,0.74169921875
5643,5643,6,6,1,0.81787109375,0.81787109375
5644,5644,6,6,1,0.939453125,0.939453125
5645,5645,8,8,1,0.89208984375,0.89208984375
5646,5646,7,7,1,0.98095703125,0.98095703125
5647,5647,1,1,1,0.81787109375,0.81787109375
5648,5648,2,6,0,0.91943359375,0.0027484893798828125
5649,5649,9,9,1,0.94287109375,0.94287109375
5650,5650,7,7,1,0.9921875,0.9921875
5651,5651,7,7,1,0.974609375,0.974609375
5652,5652,9,9,1,0.9853515625,0.9853515625
5653,5653,2,2,1,0.5302734375,0.5302734375
5654,5654,9,9,1,0.978515625,0.978515625
5655,5655,4,4,1,0.94873046875,0.94873046875
5656,5656,2,6,0,0.89208984375,0.041717529296875
5657,5657,2,2,1,0.58056640625,0.58056640625
5658,5658,9,9,1,0.9990234375,0.9990234375
5659,5659,8,4,0,0.73876953125,0.25537109375
5660,5660,3,5,0,0.86474609375,0.0755615234375
5661,5661,5,5,1,0.9892578125,0.9892578125
5662,5662,4,4,1,0.9951171875,0.9951171875
5663,5663,9,9,1,0.98828125,0.98828125
5664,5664,1,1,1,0.97802734375,0.97802734375
5665,5665,9,9,1,0.9970703125,0.9970703125
5666,5666,2,1,0,0.94580078125,0.045623779296875
5667,5667,3,7,0,0.489990234375,0.0039825439453125
5668,5668,0,0,1,0.83056640625,0.83056640625
5669,5669,7,7,1,0.86865234375,0.86865234375
5670,5670,9,9,1,0.982421875,0.982421875
5671,5671,9,9,1,0.97900390625,0.97900390625
5672,5672,8,1,0,0.5673828125,0.0035915374755859375
5673,5673,8,8,1,0.59619140625,0.59619140625
5674,5674,4,4,1,0.94580078125,0.94580078125
5675,5675,2,6,0,0.5380859375,0.024383544921875
5676,5676,1,1,1,0.97705078125,0.97705078125
5677,5677,7,7,1,0.974609375,0.974609375
5678,5678,2,8,0,0.966796875,8.20159912109375e-05
5679,5679,7,7,1,0.95849609375,0.95849609375
5680,5680,7,7,1,0.97119140625,0.97119140625
5681,5681,4,4,1,0.99853515625,0.99853515625
5682,5682,1,1,1,0.9970703125,0.9970703125
5683,5683,0,2,0,0.6298828125,0.10943603515625
5684,5684,3,7,0,0.8193359375,0.052398681640625
5685,5685,2,2,1,0.75439453125,0.75439453125
5686,5686,2,1,0,0.943359375,0.03546142578125
5687,5687,9,9,1,0.99609375,0.99609375
5688,5688,4,4,1,0.73046875,0.73046875
5689,5689,8,8,1,0.91357421875,0.91357421875
5690,5690,6,6,1,0.9072265625,0.9072265625
5691,5691,0,6,0,0.564453125,0.321533203125
5692,5692,3,5,0,0.76025390625,0.003307342529296875
5693,5693,8,8,1,0.9794921875,0.9794921875
5694,5694,7,7,1,0.99462890625,0.99462890625
5695,5695,1,9,0,0.93310546875,0.0634765625
5696,5696,3,4,0,0.74853515625,0.11126708984375
5697,5697,0,2,0,0.376220703125,0.1669921875
5698,5698,9,9,1,0.99609375,0.99609375
5699,5699,0,6,0,0.3994140625,0.2578125
5700,5700,2,2,1,0.53466796875,0.53466796875
5701,5701,4,4,1,0.85498046875,0.85498046875
5702,5702,7,7,1,0.78759765625,0.78759765625
5703,5703,9,9,1,0.99853515625,0.99853515625
5704,5704,2,1,0,0.7744140625,0.215087890625
5705,5705,7,7,1,0.99462890625,0.99462890625
5706,5706,8,8,1,0.5732421875,0.5732421875
5707,5707,9,9,1,0.98974609375,0.98974609375
5708,5708,7,1,0,0.5625,0.320556640625
5709,5709,7,7,1,0.89892578125,0.89892578125
5710,5710,7,1,0,0.6962890625,0.2406005859375
5711,5711,6,6,1,0.98291015625,0.98291015625
5712,5712,7,7,1,0.92919921875,0.92919921875
5713,5713,4,4,1,0.98974609375,0.98974609375
5714,5714,3,3,1,1.0,1.0
5715,5715,1,1,1,0.982421875,0.982421875
5716,5716,2,1,0,0.76025390625,0.1805419921875
5717,5717,8,8,1,0.998046875,0.998046875
5718,5718,0,2,0,0.2431640625,0.09521484375
5719,5719,4,4,1,0.9970703125,0.9970703125
5720,5720,9,9,1,0.99853515625,0.99853515625
5721,5721,1,1,1,0.951171875,0.951171875
5722,5722,4,4,1,0.98974609375,0.98974609375
5723,5723,4,4,1,0.99462890625,0.99462890625
5724,5724,1,1,1,0.97998046875,0.97998046875
5725,5725,1,1,1,0.98095703125,0.98095703125
5726,5726,9,9,1,0.98974609375,0.98974609375
5727,5727,0,0,1,0.5927734375,0.5927734375
5728,5728,7,7,1,0.98779296875,0.98779296875
5729,5729,0,0,1,0.427001953125,0.427001953125
5730,5730,1,1,1,0.88720703125,0.88720703125
5731,5731,3,3,1,0.97119140625,0.97119140625
5732,5732,2,1,0,0.89404296875,0.0026721954345703125
5733,5733,4,4,1,0.97119140625,0.97119140625
5734,5734,7,7,1,0.52978515625,0.52978515625
5735,5735,9,9,1,0.99609375,0.99609375
5736,5736,3,3,1,0.92578125,0.92578125
5737,5737,4,4,1,0.75244140625,0.75244140625
5738,5738,9,9,1,0.99951171875,0.99951171875
5739,5739,6,5,0,0.420166015625,0.1923828125
5740,5740,2,2,1,0.43896484375,0.43896484375
5741,5741,4,4,1,0.994140625,0.994140625
5742,5742,8,7,0,0.6904296875,0.00013196468353271484
5743,5743,7,7,1,0.99560546875,0.99560546875
5744,5744,0,6,0,0.568359375,0.30419921875
5745,5745,9,9,1,0.97607421875,0.97607421875
5746,5746,3,3,1,0.7900390625,0.7900390625
5747,5747,1,1,1,0.9873046875,0.9873046875
5748,5748,3,4,0,0.9150390625,0.0010709762573242188
5749,5749,7,7,1,0.9560546875,0.9560546875
5750,5750,6,6,1,0.64990234375,0.64990234375
5751,5751,8,8,1,0.97119140625,0.97119140625
5752,5752,6,6,1,0.56396484375,0.56396484375
5753,5753,7,7,1,0.93505859375,0.93505859375
5754,5754,8,6,0,0.411865234375,0.004871368408203125
5755,5755,8,8,1,0.97265625,0.97265625
5756,5756,6,6,1,0.95263671875,0.95263671875
5757,5757,9,9,1,0.994140625,0.994140625
5758,5758,4,4,1,0.978515625,0.978515625
5759,5759,9,9,1,0.99951171875,0.99951171875
5760,5760,7,7,1,0.998046875,0.998046875
5761,5761,1,1,1,0.7900390625,0.7900390625
5762,5762,2,2,1,0.7265625,0.7265625
5763,5763,4,4,1,0.97314453125,0.97314453125
5764,5764,4,7,0,0.76708984375,0.2198486328125
5765,5765,3,4,0,0.5419921875,0.2122802734375
5766,5766,3,3,1,0.9794921875,0.9794921875
5767,5767,9,9,1,0.99951171875,0.99951171875
5768,5768,3,3,1,0.3251953125,0.3251953125
5769,5769,6,5,0,0.84765625,0.10125732421875
5770,5770,8,8,1,0.99853515625,0.99853515625
5771,5771,1,1,1,0.7080078125,0.7080078125
5772,5772,2,2,1,0.93701171875,0.93701171875
5773,5773,0,0,1,0.63232421875,0.63232421875
5774,5774,0,2,0,0.426025390625,0.25048828125
5775,5775,9,9,1,0.9697265625,0.9697265625
5776,5776,3,4,0,0.58349609375,0.01372528076171875
5777,5777,8,8,1,0.85693359375,0.85693359375
5778,5778,1,1,1,0.66796875,0.66796875
5779,5779,0,2,0,0.52587890625,0.0296630859375
5780,5780,3,3,1,0.9150390625,0.9150390625
5781,5781,8,8,1,0.44970703125,0.44970703125
5782,5782,7,7,1,0.9697265625,0.9697265625
5783,5783,9,9,1,0.99609375,0.99609375
5784,5784,1,1,1,0.93408203125,0.93408203125
5785,5785,8,5,0,0.9130859375,0.0214691162109375
5786,5786,2,2,1,0.81005859375,0.81005859375
5787,5787,3,5,0,0.434814453125,0.298828125
5788,5788,7,7,1,0.8427734375,0.8427734375
5789,5789,8,8,1,0.7802734375,0.7802734375
5790,5790,0,6,0,0.76416015625,0.1705322265625
5791,5791,9,9,1,0.99462890625,0.99462890625
5792,5792,4,4,1,0.97119140625,0.97119140625
5793,5793,6,6,1,0.61376953125,0.61376953125
5794,5794,9,9,1,0.98388671875,0.98388671875
5795,5795,8,8,1,0.74365234375,0.74365234375
5796,5796,8,8,1,0.8271484375,0.8271484375
5797,5797,1,1,1,0.93115234375,0.93115234375
5798,5798,9,9,1,0.99560546875,0.99560546875
5799,5799,6,6,1,0.93505859375,0.93505859375
5800,5800,1,1,1,0.98828125,0.98828125
5801,5801,2,1,0,0.9658203125,0.0121612548828125
5802,5802,0,2,0,0.67724609375,0.107177734375
5803,5803,2,2,1,0.7255859375,0.7255859375
5804,5804,9,9,1,1.0,1.0
5805,5805,4,4,1,0.99267578125,0.99267578125
5806,5806,0,7,0,0.56103515625,0.002681732177734375
5807,5807,5,5,1,0.430908203125,0.430908203125
5808,5808,4,4,1,0.9990234375,0.9990234375
5809,5809,1,1,1,0.99853515625,0.99853515625
5810,5810,8,7,0,0.603515625,0.0038204193115234375
5811,5811,3,6,0,0.68115234375,0.0011606216430664062
5812,5812,6,6,1,0.91845703125,0.91845703125
5813,5813,4,4,1,0.91015625,0.91015625
5814,5814,4,4,1,0.998046875,0.998046875
5815,5815,1,1,1,0.54443359375,0.54443359375
5816,5816,0,0,1,0.57177734375,0.57177734375
5817,5817,7,7,1,0.9892578125,0.9892578125
5818,5818,4,4,1,0.923828125,0.923828125
5819,5819,4,4,1,0.9931640625,0.9931640625
5820,5820,0,6,0,0.379638671875,0.28662109375
5821,5821,7,7,1,0.99755859375,0.99755859375
5822,5822,7,7,1,0.96533203125,0.96533203125
5823,5823,0,8,0,0.31396484375,0.06787109375
5824,5824,8,8,1,0.81396484375,0.81396484375
5825,5825,2,1,0,0.8046875,0.05145263671875
5826,5826,4,4,1,0.93994140625,0.93994140625
5827,5827,9,9,1,0.99951171875,0.99951171875
5828,5828,5,5,1,0.875,0.875
5829,5829,5,5,1,0.9853515625,0.9853515625
5830,5830,1,9,0,0.9599609375,0.03839111328125
5831,5831,3,4,0,0.48974609375,0.43212890625
5832,5832,9,9,1,0.99951171875,0.99951171875
5833,5833,9,9,1,1.0,1.0
5834,5834,1,1,1,0.58935546875,0.58935546875
5835,5835,2,1,0,0.97314453125,0.0157318115234375
5836,5836,7,7,1,0.9892578125,0.9892578125
5837,5837,9,9,1,0.998046875,0.998046875
5838,5838,0,0,1,0.3720703125,0.3720703125
5839,5839,6,6,1,0.71142578125,0.71142578125
5840,5840,2,3,0,0.60107421875,0.002964019775390625
5841,5841,1,1,1,0.6806640625,0.6806640625
5842,5842,4,4,1,0.720703125,0.720703125
5843,5843,0,2,0,0.64697265625,0.04400634765625
5844,5844,0,6,0,0.40966796875,0.3291015625
5845,5845,0,8,0,0.3623046875,0.0033359527587890625
5846,5846,9,9,1,0.99658203125,0.99658203125
5847,5847,6,6,1,0.4638671875,0.4638671875
5848,5848,7,7,1,0.95849609375,0.95849609375
5849,5849,3,3,1,0.441162109375,0.441162109375
5850,5850,0,0,1,0.87353515625,0.87353515625
5851,5851,7,7,1,0.91064453125,0.91064453125
5852,5852,8,4,0,0.732421875,0.23779296875
5853,5853,2,1,0,0.8525390625,0.13916015625
5854,5854,6,6,1,0.79443359375,0.79443359375
5855,5855,3,3,1,0.9921875,0.9921875
5856,5856,6,2,0,0.95458984375,0.01861572265625
5857,5857,1,1,1,0.93310546875,0.93310546875
5858,5858,1,1,1,0.97509765625,0.97509765625
5859,5859,1,1,1,0.99267578125,0.99267578125
5860,5860,0,2,0,0.409423828125,0.24072265625
5861,5861,3,3,1,0.5986328125,0.5986328125
5862,5862,1,1,1,0.54345703125,0.54345703125
5863,5863,7,7,1,0.986328125,0.986328125
5864,5864,7,7,1,0.79248046875,0.79248046875
5865,5865,7,7,1,0.99609375,0.99609375
5866,5866,5,1,0,0.400634765625,0.1260986328125
5867,5867,8,8,1,0.9794921875,0.9794921875
5868,5868,7,7,1,0.9609375,0.9609375
5869,5869,0,0,1,0.8447265625,0.8447265625
5870,5870,8,4,0,0.406982421875,0.159423828125
5871,5871,9,9,1,0.98974609375,0.98974609375
5872,5872,2,2,1,0.515625,0.515625
5873,5873,1,9,0,0.8046875,0.1910400390625
5874,5874,5,5,1,0.99560546875,0.99560546875
5875,5875,7,7,1,0.9580078125,0.9580078125
5876,5876,0,2,0,0.361572265625,0.053741455078125
5877,5877,1,1,1,0.984375,0.984375
5878,5878,6,6,1,0.921875,0.921875
5879,5879,1,1,1,0.8212890625,0.8212890625
5880,5880,4,4,1,1.0,1.0
5881,5881,4,4,1,0.8515625,0.8515625
5882,5882,4,4,1,0.74267578125,0.74267578125
5883,5883,4,4,1,0.994140625,0.994140625
5884,5884,2,2,1,0.76513671875,0.76513671875
5885,5885,1,9,0,0.83154296875,0.1636962890625
5886,5886,6,6,1,0.81298828125,0.81298828125
5887,5887,7,7,1,0.97607421875,0.97607421875
5888,5888,1,1,1,0.8740234375,0.8740234375
5889,5889,6,6,1,0.82421875,0.82421875
5890,5890,8,8,1,0.96240234375,0.96240234375
5891,5891,7,7,1,0.97607421875,0.97607421875
5892,5892,6,6,1,0.91650390625,0.91650390625
5893,5893,8,8,1,0.951171875,0.951171875
5894,5894,7,7,1,0.83251953125,0.83251953125
5895,5895,0,0,1,0.9287109375,0.9287109375
5896,5896,0,9,0,0.7431640625,0.01027679443359375
5897,5897,5,6,0,0.580078125,0.39892578125
5898,5898,0,2,0,0.7919921875,0.027099609375
5899,5899,9,9,1,0.98828125,0.98828125
5900,5900,5,5,1,0.99169921875,0.99169921875
5901,5901,1,9,0,0.63427734375,0.361328125
5902,5902,5,1,0,0.8046875,0.035369873046875
5903,5903,4,4,1,0.955078125,0.955078125
5904,5904,5,5,1,0.814453125,0.814453125
5905,5905,7,7,1,0.74169921875,0.74169921875
5906,5906,4,4,1,0.99755859375,0.99755859375
5907,5907,7,7,1,0.79931640625,0.79931640625
5908,5908,3,3,1,0.923828125,0.923828125
5909,5909,6,6,1,0.93603515625,0.93603515625
5910,5910,7,7,1,0.97314453125,0.97314453125
5911,5911,5,5,1,0.99365234375,0.99365234375
5912,5912,4,4,1,0.97607421875,0.97607421875
5913,5913,8,6,0,0.603515625,0.05615234375
5914,5914,1,1,1,0.97216796875,0.97216796875
5915,5915,1,1,1,0.98388671875,0.98388671875
5916,5916,1,1,1,0.662109375,0.662109375
5917,5917,9,9,1,0.99755859375,0.99755859375
5918,5918,6,6,1,0.5234375,0.5234375
5919,5919,4,4,1,0.97314453125,0.97314453125
5920,5920,8,8,1,0.436279296875,0.436279296875
5921,5921,0,2,0,0.37646484375,0.1669921875
5922,5922,2,1,0,0.80078125,0.13916015625
5923,5923,3,3,1,0.96923828125,0.96923828125
5924,5924,5,5,1,0.875,0.875
5925,5925,2,7,0,0.397705078125,0.00585174560546875
5926,5926,9,8,0,0.88916015625,0.017333984375
5927,5927,4,7,0,0.8759765625,0.122314453125
5928,5928,6,6,1,0.8935546875,0.8935546875
5929,5929,7,4,0,0.82666015625,0.1732177734375
5930,5930,3,4,0,0.7861328125,0.044342041015625
5931,5931,4,7,0,0.54150390625,0.448974609375
5932,5932,4,4,1,0.99609375,0.99609375
5933,5933,2,2,1,0.689453125,0.689453125
5934,5934,1,1,1,0.990234375,0.990234375
5935,5935,1,9,0,0.86474609375,0.1326904296875
5936,5936,0,6,0,0.7041015625,0.04791259765625
5937,5937,9,9,1,0.99365234375,0.99365234375
5938,5938,6,6,1,0.556640625,0.556640625
5939,5939,6,6,1,0.8095703125,0.8095703125
5940,5940,3,6,0,0.406982421875,0.2178955078125
5941,5941,6,6,1,0.6005859375,0.6005859375
5942,5942,9,9,1,0.99462890625,0.99462890625
5943,5943,8,6,0,0.39453125,0.224853515625
5944,5944,5,5,1,0.77490234375,0.77490234375
5945,5945,1,1,1,0.98974609375,0.98974609375
5946,5946,1,9,0,0.67724609375,0.31982421875
5947,5947,3,3,1,0.3154296875,0.3154296875
5948,5948,3,3,1,0.97998046875,0.97998046875
5949,5949,5,5,1,0.97705078125,0.97705078125
5950,5950,8,5,0,0.409423828125,0.1654052734375
5951,5951,4,4,1,0.99951171875,0.99951171875
5952,5952,0,2,0,0.63720703125,0.005687713623046875
5953,5953,2,1,0,0.5126953125,0.45263671875
5954,5954,8,8,1,0.95556640625,0.95556640625
5955,5955,6,6,1,0.908203125,0.908203125
5956,5956,5,5,1,0.8720703125,0.8720703125
5957,5957,8,4,0,0.459228515625,0.015716552734375
5958,5958,0,2,0,0.56103515625,0.021759033203125
5959,5959,9,8,0,0.919921875,0.0010118484497070312
5960,5960,9,9,1,0.998046875,0.998046875
5961,5961,5,5,1,0.9140625,0.9140625
5962,5962,7,7,1,0.671875,0.671875
5963,5963,9,9,1,0.9931640625,0.9931640625
5964,5964,0,4,0,0.423583984375,0.0975341796875
5965,5965,8,5,0,0.685546875,0.153076171875
5966,5966,2,1,0,0.57861328125,0.37353515625
5967,5967,6,6,1,0.96435546875,0.96435546875
5968,5968,6,5,0,0.55517578125,0.2041015625
5969,5969,7,7,1,0.71484375,0.71484375
5970,5970,6,6,1,0.88330078125,0.88330078125
5971,5971,4,4,1,0.98974609375,0.98974609375
5972,5972,7,7,1,0.94287109375,0.94287109375
5973,5973,9,9,1,0.97802734375,0.97802734375
5974,5974,7,7,1,0.97607421875,0.97607421875
5975,5975,4,4,1,0.99951171875,0.99951171875
5976,5976,2,6,0,0.60107421875,0.30224609375
5977,5977,0,6,0,0.5947265625,0.3837890625
5978,5978,1,1,1,0.95947265625,0.95947265625
5979,5979,7,7,1,0.8037109375,0.8037109375
5980,5980,8,8,1,0.477783203125,0.477783203125
5981,5981,7,7,1,0.9873046875,0.9873046875
5982,5982,2,6,0,0.40576171875,0.062225341796875
5983,5983,0,9,0,0.57080078125,0.06817626953125
5984,5984,7,7,1,0.98974609375,0.98974609375
5985,5985,1,1,1,0.98388671875,0.98388671875
5986,5986,0,6,0,0.53076171875,0.440185546875
5987,5987,4,4,1,0.97802734375,0.97802734375
5988,5988,5,5,1,0.99560546875,0.99560546875
5989,5989,1,1,1,0.947265625,0.947265625
5990,5990,1,5,0,0.64013671875,0.332275390625
5991,5991,4,7,0,0.6748046875,0.272705078125
5992,5992,0,0,1,0.71728515625,0.71728515625
5993,5993,0,2,0,0.5810546875,0.10418701171875
5994,5994,4,4,1,0.97216796875,0.97216796875
5995,5995,3,4,0,0.473388671875,0.3056640625
5996,5996,4,4,1,0.95947265625,0.95947265625
5997,5997,7,7,1,0.98486328125,0.98486328125
5998,5998,5,5,1,0.94921875,0.94921875
5999,5999,7,7,1,0.5302734375,0.5302734375
6000,6000,7,7,1,0.98291015625,0.98291015625
6001,6001,8,5,0,0.44482421875,0.1490478515625
6002,6002,2,1,0,0.42041015625,0.1546630859375
6003,6003,0,9,0,0.54443359375,0.027099609375
6004,6004,2,2,1,0.794921875,0.794921875
6005,6005,6,6,1,0.97412109375,0.97412109375
6006,6006,9,9,1,0.84130859375,0.84130859375
6007,6007,1,1,1,0.7109375,0.7109375
6008,6008,7,7,1,0.99658203125,0.99658203125
6009,6009,9,9,1,0.9873046875,0.9873046875
6010,6010,6,6,1,0.9638671875,0.9638671875
6011,6011,2,2,1,0.70751953125,0.70751953125
6012,6012,0,4,0,0.2958984375,0.1739501953125
6013,6013,0,0,1,0.693359375,0.693359375
6014,6014,1,1,1,0.90380859375,0.90380859375
6015,6015,5,2,0,0.55126953125,0.035247802734375
6016,6016,5,5,1,0.99169921875,0.99169921875
6017,6017,9,9,1,0.998046875,0.998046875
6018,6018,7,7,1,0.9931640625,0.9931640625
6019,6019,2,2,1,0.806640625,0.806640625
6020,6020,9,9,1,0.99853515625,0.99853515625
6021,6021,5,5,1,0.7744140625,0.7744140625
6022,6022,3,6,0,0.48583984375,0.019439697265625
6023,6023,1,1,1,0.7705078125,0.7705078125
6024,6024,1,1,1,0.9990234375,0.9990234375
6025,6025,7,7,1,0.974609375,0.974609375
6026,6026,2,2,1,0.414306640625,0.414306640625
6027,6027,1,1,1,0.662109375,0.662109375
6028,6028,6,5,0,0.60546875,0.1734619140625
6029,6029,8,1,0,0.3818359375,0.01227569580078125
6030,6030,9,9,1,0.9951171875,0.9951171875
6031,6031,1,9,0,0.93115234375,0.06744384765625
6032,6032,0,0,1,0.58984375,0.58984375
6033,6033,8,8,1,0.86962890625,0.86962890625
6034,6034,9,9,1,0.99462890625,0.99462890625
6035,6035,8,5,0,0.7265625,0.0841064453125
6036,6036,2,2,1,0.6796875,0.6796875
6037,6037,0,0,1,0.88525390625,0.88525390625
6038,6038,2,2,1,0.533203125,0.533203125
6039,6039,9,9,1,0.9951171875,0.9951171875
6040,6040,5,5,1,0.978515625,0.978515625
6041,6041,8,4,0,0.412841796875,0.25048828125
6042,6042,2,2,1,0.873046875,0.873046875
6043,6043,0,2,0,0.6845703125,0.01334381103515625
6044,6044,5,5,1,0.98291015625,0.98291015625
6045,6045,0,0,1,0.7099609375,0.7099609375
6046,6046,0,0,1,0.74853515625,0.74853515625
6047,6047,7,7,1,0.95361328125,0.95361328125
6048,6048,2,1,0,0.6953125,0.2403564453125
6049,6049,0,2,0,0.42822265625,0.2022705078125
6050,6050,2,1,0,0.85205078125,0.031036376953125
6051,6051,9,9,1,0.99658203125,0.99658203125
6052,6052,7,7,1,0.97900390625,0.97900390625
6053,6053,4,4,1,0.96630859375,0.96630859375
6054,6054,5,5,1,0.884765625,0.884765625
6055,6055,7,7,1,0.939453125,0.939453125
6056,6056,3,3,1,0.99658203125,0.99658203125
6057,6057,8,8,1,0.60986328125,0.60986328125
6058,6058,9,9,1,0.66357421875,0.66357421875
6059,6059,4,4,1,0.72119140625,0.72119140625
6060,6060,2,6,0,0.794921875,0.1297607421875
6061,6061,7,7,1,0.8349609375,0.8349609375
6062,6062,0,2,0,0.8291015625,0.02838134765625
6063,6063,2,1,0,0.599609375,0.3525390625
6064,6064,0,6,0,0.50537109375,0.446044921875
6065,6065,2,1,0,0.68994140625,0.296630859375
6066,6066,7,7,1,0.9638671875,0.9638671875
6067,6067,2,6,0,0.94287109375,0.015716552734375
6068,6068,8,8,1,0.87451171875,0.87451171875
6069,6069,1,1,1,0.98583984375,0.98583984375
6070,6070,6,2,0,0.94775390625,0.0052947998046875
6071,6071,2,2,1,0.52685546875,0.52685546875
6072,6072,3,7,0,0.5,0.2939453125
6073,6073,0,6,0,0.46142578125,0.382568359375
6074,6074,2,1,0,0.6650390625,0.042510986328125
6075,6075,3,3,1,0.99951171875,0.99951171875
6076,6076,2,8,0,0.4482421875,0.1549072265625
6077,6077,2,1,0,0.8154296875,0.0943603515625
6078,6078,3,3,1,0.69775390625,0.69775390625
6079,6079,0,0,1,0.3505859375,0.3505859375
6080,6080,1,1,1,0.9990234375,0.9990234375
6081,6081,4,4,1,0.98046875,0.98046875
6082,6082,0,0,1,0.60595703125,0.60595703125
6083,6083,6,6,1,0.88671875,0.88671875
6084,6084,9,9,1,0.99951171875,0.99951171875
6085,6085,8,4,0,0.5107421875,0.45068359375
6086,6086,0,0,1,0.71142578125,0.71142578125
6087,6087,0,3,0,0.96875,0.00199127197265625
6088,6088,0,0,1,0.43212890625,0.43212890625
6089,6089,3,3,1,0.92822265625,0.92822265625
6090,6090,4,4,1,0.91455078125,0.91455078125
6091,6091,9,9,1,0.98779296875,0.98779296875
6092,6092,0,0,1,0.6083984375,0.6083984375
6093,6093,5,5,1,0.91748046875,0.91748046875
6094,6094,2,2,1,0.73486328125,0.73486328125
6095,6095,0,0,1,0.87255859375,0.87255859375
6096,6096,9,9,1,0.85986328125,0.85986328125
6097,6097,4,4,1,0.9287109375,0.9287109375
6098,6098,1,1,1,0.98828125,0.98828125
6099,6099,1,1,1,0.966796875,0.966796875
6100,6100,9,9,1,0.990234375,0.990234375
6101,6101,9,9,1,0.61279296875,0.61279296875
6102,6102,0,2,0,0.86328125,0.0222930908203125
6103,6103,3,5,0,0.85546875,0.04534912109375
6104,6104,2,2,1,0.45947265625,0.45947265625
6105,6105,8,8,1,0.52734375,0.52734375
6106,6106,1,1,1,0.99658203125,0.99658203125
6107,6107,5,1,0,0.791015625,0.129150390625
6108,6108,3,4,0,0.82568359375,0.0008015632629394531
6109,6109,1,1,1,0.95556640625,0.95556640625
6110,6110,0,2,0,0.4072265625,0.0517578125
6111,6111,3,3,1,0.7099609375,0.7099609375
6112,6112,9,9,1,0.99853515625,0.99853515625
6113,6113,5,5,1,0.96240234375,0.96240234375
6114,6114,6,4,0,0.884765625,0.046905517578125
6115,6115,4,4,1,0.7626953125,0.7626953125
6116,6116,8,5,0,0.452880859375,0.2139892578125
6117,6117,6,1,0,0.43896484375,0.0164947509765625
6118,6118,4,4,1,0.763671875,0.763671875
6119,6119,7,7,1,0.95947265625,0.95947265625
6120,6120,6,6,1,0.509765625,0.509765625
6121,6121,2,2,1,0.57373046875,0.57373046875
6122,6122,3,4,0,0.90283203125,0.0007266998291015625
6123,6123,6,0,0,0.724609375,0.2666015625
6124,6124,8,4,0,0.5029296875,0.26904296875
6125,6125,3,3,1,0.98681640625,0.98681640625
6126,6126,7,7,1,0.98681640625,0.98681640625
6127,6127,4,4,1,0.95947265625,0.95947265625
6128,6128,1,1,1,0.98974609375,0.98974609375
6129,6129,9,9,1,0.990234375,0.990234375
6130,6130,2,1,0,0.9248046875,0.06292724609375
6131,6131,8,5,0,0.63818359375,0.11090087890625
6132,6132,6,6,1,0.96630859375,0.96630859375
6133,6133,0,2,0,0.48291015625,0.03497314453125
6134,6134,4,7,0,0.57470703125,0.394775390625
6135,6135,7,7,1,0.88134765625,0.88134765625
6136,6136,6,6,1,0.9697265625,0.9697265625
6137,6137,1,1,1,0.998046875,0.998046875
6138,6138,1,1,1,0.94677734375,0.94677734375
6139,6139,2,1,0,0.880859375,0.06378173828125
6140,6140,5,5,1,0.31787109375,0.31787109375
6141,6141,8,8,1,0.861328125,0.861328125
6142,6142,6,6,1,0.67431640625,0.67431640625
6143,6143,4,4,1,0.9716796875,0.9716796875
6144,6144,7,7,1,0.7919921875,0.7919921875
6145,6145,5,5,1,0.5244140625,0.5244140625
6146,6146,9,9,1,1.0,1.0
6147,6147,6,4,0,0.86328125,0.1097412109375
6148,6148,1,1,1,0.99658203125,0.99658203125
6149,6149,0,5,0,0.475341796875,0.27099609375
6150,6150,1,1,1,0.70361328125,0.70361328125
6151,6151,9,9,1,0.98046875,0.98046875
6152,6152,8,8,1,0.990234375,0.990234375
6153,6153,1,1,1,0.9599609375,0.9599609375
6154,6154,6,0,0,0.927734375,0.071533203125
6155,6155,7,7,1,0.962890625,0.962890625
6156,6156,8,8,1,0.9052734375,0.9052734375
6157,6157,4,4,1,0.8173828125,0.8173828125
6158,6158,4,7,0,0.76416015625,0.2330322265625
6159,6159,5,5,1,0.96240234375,0.96240234375
6160,6160,4,4,1,0.97119140625,0.97119140625
6161,6161,2,2,1,0.72265625,0.72265625
6162,6162,5,5,1,0.99267578125,0.99267578125
6163,6163,0,0,1,0.62353515625,0.62353515625
6164,6164,7,7,1,0.9658203125,0.9658203125
6165,6165,2,2,1,0.5791015625,0.5791015625
6166,6166,9,9,1,0.99755859375,0.99755859375
6167,6167,1,1,1,0.9970703125,0.9970703125
6168,6168,8,5,0,0.446533203125,0.288330078125
6169,6169,4,4,1,0.97705078125,0.97705078125
6170,6170,7,7,1,0.998046875,0.998046875
6171,6171,2,6,0,0.90869140625,0.0137939453125
6172,6172,1,1,1,0.99755859375,0.99755859375
6173,6173,9,9,1,0.990234375,0.990234375
6174,6174,9,9,1,0.96142578125,0.96142578125
6175,6175,5,5,1,0.99658203125,0.99658203125
6176,6176,8,5,0,0.5439453125,0.291259765625
6177,6177,0,0,1,0.5810546875,0.5810546875
6178,6178,9,9,1,0.990234375,0.990234375
6179,6179,1,1,1,0.62158203125,0.62158203125
6180,6180,4,4,1,0.98046875,0.98046875
6181,6181,1,9,0,0.97412109375,0.0229034423828125
6182,6182,9,9,1,0.94140625,0.94140625
6183,6183,9,9,1,0.990234375,0.990234375
6184,6184,5,5,1,0.8466796875,0.8466796875
6185,6185,2,9,0,0.93408203125,0.0069122314453125
6186,6186,6,6,1,0.80810546875,0.80810546875
6187,6187,4,4,1,0.498291015625,0.498291015625
6188,6188,2,1,0,0.8759765625,0.10137939453125
6189,6189,7,7,1,0.552734375,0.552734375
6190,6190,7,7,1,0.99755859375,0.99755859375
6191,6191,0,9,0,0.80908203125,0.0012950897216796875
6192,6192,4,7,0,0.5419921875,0.44921875
6193,6193,6,6,1,0.97265625,0.97265625
6194,6194,7,7,1,0.6416015625,0.6416015625
6195,6195,4,4,1,0.60693359375,0.60693359375
6196,6196,4,4,1,0.75390625,0.75390625
6197,6197,1,1,1,0.9951171875,0.9951171875
6198,6198,3,3,1,0.99951171875,0.99951171875
6199,6199,1,1,1,0.994140625,0.994140625
6200,6200,3,3,1,0.98095703125,0.98095703125
6201,6201,4,4,1,0.98388671875,0.98388671875
6202,6202,0,0,1,0.5048828125,0.5048828125
6203,6203,2,2,1,0.517578125,0.517578125
6204,6204,5,2,0,0.56787109375,0.01107025146484375
6205,6205,8,8,1,0.98046875,0.98046875
6206,6206,9,9,1,0.9755859375,0.9755859375
6207,6207,0,2,0,0.943359375,0.0072021484375
6208,6208,3,8,0,0.759765625,0.2391357421875
6209,6209,3,3,1,0.99951171875,0.99951171875
6210,6210,2,2,1,0.91162109375,0.91162109375
6211,6211,7,7,1,0.998046875,0.998046875
6212,6212,9,9,1,1.0,1.0
6213,6213,8,8,1,0.95654296875,0.95654296875
6214,6214,3,2,0,0.69482421875,0.01023101806640625
6215,6215,6,6,1,0.974609375,0.974609375
6216,6216,5,5,1,0.970703125,0.970703125
6217,6217,4,4,1,0.869140625,0.869140625
6218,6218,3,7,0,0.46484375,0.006427764892578125
6219,6219,5,5,1,0.490234375,0.490234375
6220,6220,7,7,1,0.79638671875,0.79638671875
6221,6221,2,1,0,0.8759765625,0.0248565673828125
6222,6222,8,8,1,0.966796875,0.966796875
6223,6223,7,7,1,0.96875,0.96875
6224,6224,8,8,1,0.921875,0.921875
6225,6225,7,7,1,0.95166015625,0.95166015625
6226,6226,0,0,1,0.97119140625,0.97119140625
6227,6227,2,1,0,0.5283203125,0.166259765625
6228,6228,4,4,1,0.5732421875,0.5732421875
6229,6229,7,7,1,0.826171875,0.826171875
6230,6230,8,8,1,0.74267578125,0.74267578125
6231,6231,2,1,0,0.92236328125,0.062744140625
6232,6232,7,7,1,0.361328125,0.361328125
6233,6233,8,8,1,0.78173828125,0.78173828125
6234,6234,1,9,0,0.708984375,0.286376953125
6235,6235,8,5,0,0.59765625,0.006641387939453125
6236,6236,0,6,0,0.4560546875,0.402587890625
6237,6237,3,6,0,0.642578125,0.00347900390625
6238,6238,9,9,1,0.9765625,0.9765625
6239,6239,2,1,0,0.92138671875,0.040496826171875
6240,6240,6,6,1,0.9033203125,0.9033203125
6241,6241,7,7,1,0.98095703125,0.98095703125
6242,6242,5,5,1,0.99072265625,0.99072265625
6243,6243,7,7,1,0.955078125,0.955078125
6244,6244,3,4,0,0.931640625,0.0016374588012695312
6245,6245,2,1,0,0.7158203125,0.271728515625
6246,6246,4,4,1,0.97998046875,0.97998046875
6247,6247,2,8,0,0.398193359375,0.160888671875
6248,6248,5,5,1,0.95556640625,0.95556640625
6249,6249,6,2,0,0.79150390625,0.10382080078125
6250,6250,5,5,1,0.98388671875,0.98388671875
6251,6251,2,2,1,0.580078125,0.580078125
6252,6252,6,6,1,0.95751953125,0.95751953125
6253,6253,2,1,0,0.91064453125,0.040008544921875
6254,6254,4,7,0,0.64404296875,0.3447265625
6255,6255,7,7,1,0.94384765625,0.94384765625
6256,6256,3,7,0,0.921875,0.0296478271484375
6257,6257,6,6,1,0.9462890625,0.9462890625
6258,6258,8,8,1,0.9755859375,0.9755859375
6259,6259,6,6,1,0.93212890625,0.93212890625
6260,6260,6,6,1,0.814453125,0.814453125
6261,6261,2,2,1,0.89208984375,0.89208984375
6262,6262,6,6,1,0.9599609375,0.9599609375
6263,6263,4,4,1,0.96533203125,0.96533203125
6264,6264,7,7,1,0.9892578125,0.9892578125
6265,6265,6,2,0,0.830078125,0.08477783203125
6266,6266,8,5,0,0.68603515625,0.027435302734375
6267,6267,6,2,0,0.833984375,0.044189453125
6268,6268,2,1,0,0.6416015625,0.343505859375
6269,6269,1,1,1,0.84033203125,0.84033203125
6270,6270,9,9,1,0.99169921875,0.99169921875
6271,6271,1,1,1,0.74658203125,0.74658203125
6272,6272,1,1,1,0.998046875,0.998046875
6273,6273,0,0,1,0.34765625,0.34765625
6274,6274,2,1,0,0.70751953125,0.277099609375
6275,6275,1,1,1,0.99609375,0.99609375
6276,6276,7,7,1,0.90576171875,0.90576171875
6277,6277,1,9,0,0.98681640625,0.0120391845703125
6278,6278,3,4,0,0.499267578125,0.2215576171875
6279,6279,0,9,0,0.8984375,0.004428863525390625
6280,6280,4,4,1,0.62451171875,0.62451171875
6281,6281,3,3,1,0.5947265625,0.5947265625
6282,6282,8,8,1,0.63427734375,0.63427734375
6283,6283,4,7,0,0.55224609375,0.43017578125
6284,6284,5,5,1,0.89697265625,0.89697265625
6285,6285,1,1,1,0.9814453125,0.9814453125
6286,6286,0,8,0,0.34716796875,0.09637451171875
6287,6287,6,5,0,0.92333984375,0.035797119140625
6288,6288,6,6,1,0.53466796875,0.53466796875
6289,6289,2,2,1,0.5380859375,0.5380859375
6290,6290,8,8,1,0.99072265625,0.99072265625
6291,6291,2,2,1,0.9677734375,0.9677734375
6292,6292,3,3,1,0.54248046875,0.54248046875
6293,6293,6,6,1,0.44091796875,0.44091796875
6294,6294,5,1,0,0.88916015625,0.00988006591796875
6295,6295,2,6,0,0.4873046875,0.295654296875
6296,6296,6,6,1,0.5302734375,0.5302734375
6297,6297,5,5,1,0.99267578125,0.99267578125
6298,6298,7,7,1,0.9638671875,0.9638671875
6299,6299,2,1,0,0.66162109375,0.21484375
6300,6300,4,4,1,0.99169921875,0.99169921875
6301,6301,6,6,1,0.8544921875,0.8544921875
6302,6302,5,1,0,0.4345703125,0.00960540771484375
6303,6303,7,7,1,0.9990234375,0.9990234375
6304,6304,8,7,0,0.7939453125,0.08905029296875
6305,6305,9,9,1,0.99755859375,0.99755859375
6306,6306,9,9,1,0.99853515625,0.99853515625
6307,6307,1,1,1,0.990234375,0.990234375
6308,6308,5,5,1,0.7431640625,0.7431640625
6309,6309,9,9,1,0.89404296875,0.89404296875
6310,6310,9,9,1,0.99462890625,0.99462890625
6311,6311,5,5,1,0.779296875,0.779296875
6312,6312,2,1,0,0.580078125,0.374755859375
6313,6313,3,3,1,0.63427734375,0.63427734375
6314,6314,8,8,1,0.5634765625,0.5634765625
6315,6315,9,9,1,0.99853515625,0.99853515625
6316,6316,4,4,1,0.9990234375,0.9990234375
6317,6317,3,5,0,0.93212890625,0.0187530517578125
6318,6318,4,4,1,0.9853515625,0.9853515625
6319,6319,6,5,0,0.86572265625,0.03253173828125
6320,6320,0,6,0,0.401123046875,0.302734375
6321,6321,8,8,1,0.59033203125,0.59033203125
6322,6322,4,4,1,0.57470703125,0.57470703125
6323,6323,8,1,0,0.859375,0.0147857666015625
6324,6324,8,8,1,0.95849609375,0.95849609375
6325,6325,7,7,1,0.85595703125,0.85595703125
6326,6326,2,1,0,0.568359375,0.0819091796875
6327,6327,9,9,1,0.9951171875,0.9951171875
6328,6328,1,9,0,0.50927734375,0.478515625
6329,6329,4,4,1,0.9765625,0.9765625
6330,6330,9,9,1,0.99951171875,0.99951171875
6331,6331,1,1,1,0.99169921875,0.99169921875
6332,6332,1,1,1,0.5322265625,0.5322265625
6333,6333,8,8,1,0.99658203125,0.99658203125
6334,6334,5,5,1,0.79150390625,0.79150390625
6335,6335,1,1,1,0.96044921875,0.96044921875
6336,6336,9,9,1,0.57177734375,0.57177734375
6337,6337,0,0,1,0.5947265625,0.5947265625
6338,6338,9,9,1,0.97021484375,0.97021484375
6339,6339,1,1,1,0.93505859375,0.93505859375
6340,6340,0,0,1,0.7734375,0.7734375
6341,6341,1,1,1,0.8076171875,0.8076171875
6342,6342,4,4,1,0.84814453125,0.84814453125
6343,6343,9,9,1,0.98779296875,0.98779296875
6344,6344,0,0,1,0.83349609375,0.83349609375
6345,6345,5,5,1,0.495361328125,0.495361328125
6346,6346,8,8,1,0.99560546875,0.99560546875
6347,6347,5,5,1,0.9912109375,0.9912109375
6348,6348,3,3,1,0.9990234375,0.9990234375
6349,6349,3,5,0,0.46728515625,0.033843994140625
6350,6350,1,1,1,0.67333984375,0.67333984375
6351,6351,0,2,0,0.6669921875,0.036468505859375
6352,6352,8,8,1,0.9892578125,0.9892578125
6353,6353,6,0,0,0.70556640625,0.294189453125
6354,6354,6,6,1,0.58935546875,0.58935546875
6355,6355,3,3,1,0.61962890625,0.61962890625
6356,6356,7,7,1,0.96923828125,0.96923828125
6357,6357,0,0,1,0.48193359375,0.48193359375
6358,6358,0,0,1,0.5068359375,0.5068359375
6359,6359,6,6,1,0.9638671875,0.9638671875
6360,6360,1,1,1,0.92919921875,0.92919921875
6361,6361,1,1,1,0.5263671875,0.5263671875
6362,6362,5,5,1,0.93896484375,0.93896484375
6363,6363,3,5,0,0.67919921875,0.1337890625
6364,6364,8,5,0,0.5537109375,0.025909423828125
6365,6365,3,4,0,0.98828125,1.6510486602783203e-05
6366,6366,1,1,1,0.984375,0.984375
6367,6367,2,1,0,0.84765625,0.138427734375
6368,6368,5,5,1,0.98193359375,0.98193359375
6369,6369,7,7,1,0.98291015625,0.98291015625
6370,6370,3,4,0,0.73193359375,0.06005859375
6371,6371,2,1,0,0.962890625,0.0273284912109375
6372,6372,3,4,0,0.6083984375,0.0028171539306640625
6373,6373,8,8,1,0.8916015625,0.8916015625
6374,6374,9,9,1,0.98291015625,0.98291015625
6375,6375,9,9,1,0.99755859375,0.99755859375
6376,6376,0,0,1,0.4677734375,0.4677734375
6377,6377,3,6,0,0.80517578125,0.03765869140625
6378,6378,9,9,1,0.96630859375,0.96630859375
6379,6379,9,9,1,0.442626953125,0.442626953125
6380,6380,8,8,1,0.974609375,0.974609375
6381,6381,3,4,0,0.83935546875,0.004138946533203125
6382,6382,3,4,0,0.505859375,0.1695556640625
6383,6383,1,1,1,0.99560546875,0.99560546875
6384,6384,4,4,1,0.99365234375,0.99365234375
6385,6385,9,9,1,0.98583984375,0.98583984375
6386,6386,3,3,1,0.6376953125,0.6376953125
6387,6387,6,6,1,0.5390625,0.5390625
6388,6388,2,6,0,0.92919921875,0.034912109375
6389,6389,9,9,1,0.98828125,0.98828125
6390,6390,0,2,0,0.76708984375,0.016937255859375
6391,6391,6,6,1,0.480224609375,0.480224609375
6392,6392,9,9,1,0.966796875,0.966796875
6393,6393,5,5,1,0.943359375,0.943359375
6394,6394,6,6,1,0.90771484375,0.90771484375
6395,6395,7,7,1,0.77587890625,0.77587890625
6396,6396,9,9,1,0.99365234375,0.99365234375
6397,6397,7,7,1,0.95947265625,0.95947265625
6398,6398,3,5,0,0.61328125,0.0038814544677734375
6399,6399,0,9,0,0.6494140625,0.032318115234375
6400,6400,2,1,0,0.841796875,0.141845703125
6401,6401,8,8,1,0.94921875,0.94921875
6402,6402,8,5,0,0.5849609375,0.243896484375
6403,6403,5,5,1,0.6455078125,0.6455078125
6404,6404,9,9,1,0.99267578125,0.99267578125
6405,6405,2,6,0,0.7890625,0.0711669921875
6406,6406,2,2,1,0.9052734375,0.9052734375
6407,6407,3,5,0,0.90234375,0.033905029296875
6408,6408,8,8,1,0.9970703125,0.9970703125
6409,6409,7,7,1,0.98291015625,0.98291015625
6410,6410,3,5,0,0.796875,0.08941650390625
6411,6411,1,1,1,0.9951171875,0.9951171875
6412,6412,6,6,1,0.75439453125,0.75439453125
6413,6413,2,1,0,0.5966796875,0.0224151611328125
6414,6414,6,6,1,0.98095703125,0.98095703125
6415,6415,4,4,1,0.87890625,0.87890625
6416,6416,6,2,0,0.499755859375,0.1431884765625
6417,6417,9,9,1,0.9970703125,0.9970703125
6418,6418,0,0,1,0.5478515625,0.5478515625
6419,6419,2,2,1,0.6005859375,0.6005859375
6420,6420,9,9,1,0.97412109375,0.97412109375
6421,6421,4,4,1,0.99951171875,0.99951171875
6422,6422,0,9,0,0.783203125,0.006168365478515625
6423,6423,6,6,1,0.966796875,0.966796875
6424,6424,7,7,1,0.9111328125,0.9111328125
6425,6425,8,8,1,0.822265625,0.822265625
6426,6426,1,1,1,0.75146484375,0.75146484375
6427,6427,9,9,1,0.9970703125,0.9970703125
6428,6428,4,4,1,0.98681640625,0.98681640625
6429,6429,4,4,1,1.0,1.0
6430,6430,2,1,0,0.56005859375,0.2998046875
6431,6431,2,6,0,0.4794921875,0.003231048583984375
6432,6432,7,7,1,0.9521484375,0.9521484375
6433,6433,4,4,1,0.99853515625,0.99853515625
6434,6434,9,9,1,0.990234375,0.990234375
6435,6435,0,0,1,0.7744140625,0.7744140625
6436,6436,6,6,1,0.96484375,0.96484375
6437,6437,7,7,1,0.67529296875,0.67529296875
6438,6438,7,7,1,0.98095703125,0.98095703125
6439,6439,0,6,0,0.62939453125,0.254150390625
6440,6440,8,4,0,0.98046875,0.005649566650390625
6441,6441,4,4,1,0.935546875,0.935546875
6442,6442,1,1,1,0.99658203125,0.99658203125
6443,6443,9,9,1,0.986328125,0.986328125
6444,6444,4,4,1,0.9990234375,0.9990234375
6445,6445,0,0,1,0.4873046875,0.4873046875
6446,6446,4,4,1,0.99658203125,0.99658203125
6447,6447,5,5,1,0.98974609375,0.98974609375
6448,6448,1,1,1,0.89697265625,0.89697265625
6449,6449,6,6,1,0.59423828125,0.59423828125
6450,6450,8,8,1,0.89501953125,0.89501953125
6451,6451,2,2,1,0.5859375,0.5859375
6452,6452,0,2,0,0.48046875,0.02392578125
6453,6453,3,5,0,0.60009765625,0.352783203125
6454,6454,0,0,1,0.7021484375,0.7021484375
6455,6455,0,2,0,0.56298828125,0.2071533203125
6456,6456,9,9,1,0.9873046875,0.9873046875
6457,6457,9,9,1,0.98974609375,0.98974609375
6458,6458,0,6,0,0.56689453125,0.41455078125
6459,6459,5,5,1,0.966796875,0.966796875
6460,6460,9,9,1,0.98779296875,0.98779296875
6461,6461,2,2,1,0.59228515625,0.59228515625
6462,6462,5,5,1,0.9853515625,0.9853515625
6463,6463,9,9,1,0.99853515625,0.99853515625
6464,6464,3,4,0,0.90771484375,0.07000732421875
6465,6465,9,9,1,0.99755859375,0.99755859375
6466,6466,3,3,1,0.9912109375,0.9912109375
6467,6467,9,9,1,0.99658203125,0.99658203125
6468,6468,9,9,1,0.984375,0.984375
6469,6469,2,2,1,0.4970703125,0.4970703125
6470,6470,9,9,1,0.99951171875,0.99951171875
6471,6471,0,2,0,0.409423828125,0.005840301513671875
6472,6472,2,8,0,0.3701171875,0.217529296875
6473,6473,5,5,1,0.974609375,0.974609375
6474,6474,6,6,1,0.83642578125,0.83642578125
6475,6475,4,4,1,0.98193359375,0.98193359375
6476,6476,5,1,0,0.72216796875,0.03948974609375
6477,6477,9,9,1,0.98388671875,0.98388671875
6478,6478,0,0,1,0.49365234375,0.49365234375
6479,6479,9,9,1,0.98779296875,0.98779296875
6480,6480,3,3,1,0.9970703125,0.9970703125
6481,6481,4,4,1,0.9951171875,0.9951171875
6482,6482,1,1,1,0.6171875,0.6171875
6483,6483,7,7,1,0.74169921875,0.74169921875
6484,6484,3,3,1,0.479248046875,0.479248046875
6485,6485,0,6,0,0.55810546875,0.4345703125
6486,6486,6,6,1,0.83251953125,0.83251953125
6487,6487,4,4,1,0.99951171875,0.99951171875
6488,6488,6,6,1,0.59033203125,0.59033203125
6489,6489,7,7,1,0.6943359375,0.6943359375
6490,6490,7,4,0,0.6904296875,0.306396484375
6491,6491,8,5,0,0.6796875,0.0011587142944335938
6492,6492,8,8,1,0.98681640625,0.98681640625
6493,6493,8,3,0,0.841796875,0.00603485107421875
6494,6494,6,6,1,0.95751953125,0.95751953125
6495,6495,9,9,1,0.93115234375,0.93115234375
6496,6496,1,1,1,0.99951171875,0.99951171875
6497,6497,0,2,0,0.75439453125,0.06390380859375
6498,6498,9,9,1,0.98486328125,0.98486328125
6499,6499,3,5,0,0.7509765625,0.18994140625
6500,6500,0,2,0,0.49560546875,0.1292724609375
6501,6501,6,6,1,0.5556640625,0.5556640625
6502,6502,8,1,0,0.255126953125,0.255126953125
6503,6503,4,7,0,0.65087890625,0.337646484375
6504,6504,1,1,1,0.99462890625,0.99462890625
6505,6505,0,2,0,0.568359375,0.095703125
6506,6506,0,0,1,0.74658203125,0.74658203125
6507,6507,0,9,0,0.5732421875,0.0092620849609375
6508,6508,2,1,0,0.8994140625,0.06512451171875
6509,6509,4,4,1,0.72900390625,0.72900390625
6510,6510,6,2,0,0.77587890625,0.0234375
6511,6511,8,4,0,0.77587890625,0.2154541015625
6512,6512,1,1,1,0.77880859375,0.77880859375
6513,6513,3,4,0,0.99853515625,0.0006871223449707031
6514,6514,9,9,1,0.9970703125,0.9970703125
6515,6515,9,9,1,0.9931640625,0.9931640625
6516,6516,5,5,1,0.56640625,0.56640625
6517,6517,9,9,1,0.99560546875,0.99560546875
6518,6518,1,1,1,0.984375,0.984375
6519,6519,5,5,1,0.54443359375,0.54443359375
6520,6520,0,2,0,0.62890625,0.0202178955078125
6521,6521,3,6,0,0.48046875,0.330078125
6522,6522,0,0,1,0.890625,0.890625
6523,6523,9,9,1,0.990234375,0.990234375
6524,6524,9,9,1,0.9873046875,0.9873046875
6525,6525,8,8,1,0.8056640625,0.8056640625
6526,6526,2,2,1,0.4306640625,0.4306640625
6527,6527,6,7,0,0.6806640625,0.111083984375
6528,6528,8,8,1,0.9072265625,0.9072265625
6529,6529,2,2,1,0.763671875,0.763671875
6530,6530,4,4,1,0.9931640625,0.9931640625
6531,6531,1,9,0,0.54150390625,0.44873046875
6532,6532,3,3,1,0.71826171875,0.71826171875
6533,6533,7,7,1,0.95556640625,0.95556640625
6534,6534,2,2,1,0.55908203125,0.55908203125
6535,6535,2,1,0,0.517578125,0.1788330078125
6536,6536,3,3,1,0.99560546875,0.99560546875
6537,6537,9,9,1,0.99169921875,0.99169921875
6538,6538,9,9,1,0.9970703125,0.9970703125
6539,6539,2,2,1,0.454833984375,0.454833984375
6540,6540,9,9,1,0.98974609375,0.98974609375
6541,6541,6,6,1,0.89453125,0.89453125
6542,6542,1,1,1,0.98046875,0.98046875
6543,6543,6,6,1,0.9599609375,0.9599609375
6544,6544,7,7,1,0.67822265625,0.67822265625
6545,6545,1,9,0,0.6640625,0.32373046875
6546,6546,7,7,1,0.97509765625,0.97509765625
6547,6547,4,4,1,0.978515625,0.978515625
6548,6548,3,6,0,0.366455078125,0.00835418701171875
6549,6549,3,3,1,0.96728515625,0.96728515625
6550,6550,7,7,1,0.84912109375,0.84912109375
6551,6551,8,8,1,0.43505859375,0.43505859375
6552,6552,4,4,1,0.99951171875,0.99951171875
6553,6553,4,4,1,0.873046875,0.873046875
6554,6554,0,2,0,0.5439453125,0.125244140625
6555,6555,1,1,1,0.8017578125,0.8017578125
6556,6556,4,4,1,0.64599609375,0.64599609375
6557,6557,4,4,1,0.98388671875,0.98388671875
6558,6558,5,5,1,0.5576171875,0.5576171875
6559,6559,9,9,1,0.95703125,0.95703125
6560,6560,5,5,1,0.90087890625,0.90087890625
6561,6561,8,8,1,0.9970703125,0.9970703125
6562,6562,4,4,1,1.0,1.0
6563,6563,0,6,0,0.466796875,0.341552734375
6564,6564,9,9,1,0.97802734375,0.97802734375
6565,6565,7,7,1,0.90087890625,0.90087890625
6566,6566,5,5,1,0.260009765625,0.260009765625
6567,6567,9,9,1,0.986328125,0.986328125
6568,6568,9,9,1,0.9970703125,0.9970703125
6569,6569,5,5,1,0.77685546875,0.77685546875
6570,6570,8,8,1,0.9521484375,0.9521484375
6571,6571,3,2,0,0.3154296875,0.278564453125
6572,6572,0,2,0,0.4189453125,0.287841796875
6573,6573,4,4,1,0.8203125,0.8203125
6574,6574,1,1,1,0.56591796875,0.56591796875
6575,6575,4,4,1,0.78662109375,0.78662109375
6576,6576,6,2,0,0.356201171875,0.2861328125
6577,6577,4,4,1,0.99951171875,0.99951171875
6578,6578,3,3,1,0.64404296875,0.64404296875
6579,6579,3,4,0,0.455322265625,0.25927734375
6580,6580,3,3,1,0.97705078125,0.97705078125
6581,6581,2,1,0,0.51806640625,0.10198974609375
6582,6582,3,5,0,0.921875,0.033599853515625
6583,6583,3,1,0,0.8388671875,0.0245513916015625
6584,6584,3,4,0,0.62109375,0.353759765625
6585,6585,1,1,1,0.9990234375,0.9990234375
6586,6586,9,9,1,0.9912109375,0.9912109375
6587,6587,0,2,0,0.8310546875,0.035400390625
6588,6588,2,2,1,0.94482421875,0.94482421875
6589,6589,0,9,0,0.98828125,0.00024259090423583984
6590,6590,4,4,1,0.94287109375,0.94287109375
6591,6591,5,5,1,0.8974609375,0.8974609375
6592,6592,2,7,0,0.7119140625,0.01151275634765625
6593,6593,7,7,1,0.78369140625,0.78369140625
6594,6594,4,4,1,0.990234375,0.990234375
6595,6595,9,9,1,0.98583984375,0.98583984375
6596,6596,6,6,1,0.873046875,0.873046875
6597,6597,8,8,1,0.75830078125,0.75830078125
6598,6598,0,2,0,0.4560546875,0.1900634765625
6599,6599,0,2,0,0.353515625,0.2354736328125
6600,6600,2,6,0,0.8173828125,0.035919189453125
6601,6601,4,4,1,0.8076171875,0.8076171875
6602,6602,3,5,0,0.52197265625,0.180419921875
6603,6603,3,3,1,0.9755859375,0.9755859375
6604,6604,6,6,1,0.79931640625,0.79931640625
6605,6605,1,9,0,0.57373046875,0.419921875
6606,6606,1,9,0,0.52783203125,0.466064453125
6607,6607,5,5,1,0.99072265625,0.99072265625
6608,6608,1,1,1,0.99560546875,0.99560546875
6609,6609,1,1,1,0.958984375,0.958984375
6610,6610,2,1,0,0.943359375,0.0389404296875
6611,6611,2,2,1,0.6845703125,0.6845703125
6612,6612,8,9,0,0.423095703125,0.329345703125
6613,6613,4,4,1,0.8759765625,0.8759765625
6614,6614,8,8,1,0.89892578125,0.89892578125
6615,6615,4,7,0,0.6220703125,0.37744140625
6616,6616,3,3,1,0.311767578125,0.311767578125
6617,6617,7,7,1,0.853515625,0.853515625
6618,6618,7,7,1,0.78662109375,0.78662109375
6619,6619,3,3,1,0.98828125,0.98828125
6620,6620,2,2,1,0.859375,0.859375
6621,6621,7,7,1,0.9443359375,0.9443359375
6622,6622,3,3,1,0.58935546875,0.58935546875
6623,6623,3,3,1,0.99853515625,0.99853515625
6624,6624,2,1,0,0.72900390625,0.244140625
6625,6625,2,2,1,0.46044921875,0.46044921875
6626,6626,3,3,1,0.74951171875,0.74951171875
6627,6627,7,7,1,0.7314453125,0.7314453125
6628,6628,6,6,1,0.697265625,0.697265625
6629,6629,9,9,1,0.98876953125,0.98876953125
6630,6630,1,1,1,0.97705078125,0.97705078125
6631,6631,7,7,1,0.953125,0.953125
6632,6632,7,7,1,0.96435546875,0.96435546875
6633,6633,0,2,0,0.317626953125,0.192626953125
6634,6634,2,2,1,0.71337890625,0.71337890625
6635,6635,1,1,1,0.8154296875,0.8154296875
6636,6636,0,1,0,0.291259765625,0.03265380859375
6637,6637,0,2,0,0.42529296875,0.0811767578125
6638,6638,7,7,1,0.96728515625,0.96728515625
6639,6639,2,1,0,0.5927734375,0.12432861328125
6640,6640,2,1,0,0.475830078125,0.0390625
6641,6641,9,9,1,0.9873046875,0.9873046875
6642,6642,0,0,1,0.69140625,0.69140625
6643,6643,6,2,0,0.91552734375,0.01226806640625
6644,6644,7,7,1,0.94580078125,0.94580078125
6645,6645,0,9,0,0.98486328125,0.00012153387069702148
6646,6646,9,9,1,0.99658203125,0.99658203125
6647,6647,1,1,1,0.99365234375,0.99365234375
6648,6648,1,5,0,0.4912109375,0.359375
6649,6649,3,6,0,0.357421875,0.2308349609375
6650,6650,8,8,1,0.9189453125,0.9189453125
6651,6651,0,0,1,0.81396484375,0.81396484375
6652,6652,1,1,1,0.9482421875,0.9482421875
6653,6653,3,3,1,0.69775390625,0.69775390625
6654,6654,5,5,1,0.97314453125,0.97314453125
6655,6655,4,4,1,1.0,1.0
6656,6656,7,7,1,0.8427734375,0.8427734375
6657,6657,4,4,1,0.74609375,0.74609375
6658,6658,9,9,1,0.99365234375,0.99365234375
6659,6659,9,8,0,0.55615234375,0.0184478759765625
6660,6660,7,7,1,0.95751953125,0.95751953125
6661,6661,7,7,1,0.98974609375,0.98974609375
6662,6662,0,6,0,0.3662109375,0.33349609375
6663,6663,9,9,1,0.97900390625,0.97900390625
6664,6664,4,4,1,0.7412109375,0.7412109375
6665,6665,3,4,0,0.499755859375,0.01331329345703125
6666,6666,5,5,1,0.71923828125,0.71923828125
6667,6667,0,0,1,0.80224609375,0.80224609375
6668,6668,9,9,1,0.9970703125,0.9970703125
6669,6669,3,5,0,0.72998046875,0.2091064453125
6670,6670,0,6,0,0.371337890625,0.1927490234375
6671,6671,9,9,1,0.9990234375,0.9990234375
6672,6672,8,6,0,0.8125,0.0804443359375
6673,6673,5,5,1,0.84912109375,0.84912109375
6674,6674,4,4,1,0.87646484375,0.87646484375
6675,6675,9,9,1,1.0,1.0
6676,6676,4,4,1,0.99365234375,0.99365234375
6677,6677,4,4,1,0.99951171875,0.99951171875
6678,6678,1,1,1,0.876953125,0.876953125
6679,6679,6,6,1,0.44287109375,0.44287109375
6680,6680,1,1,1,0.958984375,0.958984375
6681,6681,6,6,1,0.931640625,0.931640625
6682,6682,4,4,1,0.9599609375,0.9599609375
6683,6683,2,6,0,0.60400390625,0.236572265625
6684,6684,1,1,1,0.685546875,0.685546875
6685,6685,7,7,1,0.86865234375,0.86865234375
6686,6686,1,1,1,0.9814453125,0.9814453125
6687,6687,6,2,0,0.497802734375,0.2425537109375
6688,6688,8,8,1,0.5029296875,0.5029296875
6689,6689,9,8,0,0.6455078125,0.18505859375
6690,6690,8,8,1,0.85986328125,0.85986328125
6691,6691,3,3,1,0.83203125,0.83203125
6692,6692,7,7,1,0.921875,0.921875
6693,6693,9,9,1,0.9873046875,0.9873046875
6694,6694,6,6,1,0.74853515625,0.74853515625
6695,6695,5,5,1,0.798828125,0.798828125
6696,6696,6,4,0,0.315673828125,0.2169189453125
6697,6697,4,4,1,0.95751953125,0.95751953125
6698,6698,3,3,1,0.87841796875,0.87841796875
6699,6699,2,6,0,0.8466796875,0.046295166015625
6700,6700,6,6,1,0.93115234375,0.93115234375
6701,6701,4,4,1,1.0,1.0
6702,6702,6,6,1,0.96337890625,0.96337890625
6703,6703,1,1,1,0.86474609375,0.86474609375
6704,6704,4,4,1,0.62890625,0.62890625
6705,6705,7,7,1,0.99169921875,0.99169921875
6706,6706,0,6,0,0.59228515625,0.271240234375
6707,6707,6,6,1,0.88671875,0.88671875
6708,6708,6,6,1,0.755859375,0.755859375
6709,6709,1,1,1,0.94677734375,0.94677734375
6710,6710,7,7,1,0.701171875,0.701171875
6711,6711,8,8,1,0.93017578125,0.93017578125
6712,6712,9,9,1,0.99072265625,0.99072265625
6713,6713,4,4,1,0.98095703125,0.98095703125
6714,6714,6,6,1,0.76123046875,0.76123046875
6715,6715,3,3,1,0.556640625,0.556640625
6716,6716,0,0,1,0.60546875,0.60546875
6717,6717,4,4,1,0.56201171875,0.56201171875
6718,6718,7,7,1,0.923828125,0.923828125
6719,6719,6,6,1,0.93798828125,0.93798828125
6720,6720,8,6,0,0.484375,0.037353515625
6721,6721,1,1,1,0.912109375,0.912109375
6722,6722,5,5,1,0.5166015625,0.5166015625
6723,6723,3,3,1,0.84375,0.84375
6724,6724,1,9,0,0.8330078125,0.1640625
6725,6725,2,8,0,0.6748046875,0.055389404296875
6726,6726,7,4,0,0.52783203125,0.465576171875
6727,6727,5,5,1,0.95458984375,0.95458984375
6728,6728,8,8,1,0.65234375,0.65234375
6729,6729,2,6,0,0.53125,0.039703369140625
6730,6730,8,8,1,0.92919921875,0.92919921875
6731,6731,5,5,1,0.79833984375,0.79833984375
6732,6732,6,6,1,0.433349609375,0.433349609375
6733,6733,6,6,1,0.88427734375,0.88427734375
6734,6734,4,4,1,0.98046875,0.98046875
6735,6735,7,7,1,0.99365234375,0.99365234375
6736,6736,8,8,1,0.92822265625,0.92822265625
6737,6737,8,4,0,0.97607421875,0.0034122467041015625
6738,6738,5,5,1,0.9921875,0.9921875
6739,6739,3,3,1,0.86767578125,0.86767578125
6740,6740,1,1,1,0.98779296875,0.98779296875
6741,6741,2,2,1,0.58935546875,0.58935546875
6742,6742,2,1,0,0.626953125,0.36865234375
6743,6743,1,1,1,0.99853515625,0.99853515625
6744,6744,3,5,0,0.462158203125,0.0731201171875
6745,6745,8,1,0,0.646484375,0.06201171875
6746,6746,9,9,1,1.0,1.0
6747,6747,6,6,1,0.81591796875,0.81591796875
6748,6748,5,5,1,0.7734375,0.7734375
6749,6749,5,5,1,0.841796875,0.841796875
6750,6750,6,2,0,0.888671875,0.0880126953125
6751,6751,6,6,1,0.9833984375,0.9833984375
6752,6752,0,0,1,0.4765625,0.4765625
6753,6753,2,1,0,0.90380859375,0.054290771484375
6754,6754,5,5,1,0.98828125,0.98828125
6755,6755,3,6,0,0.33837890625,0.0003497600555419922
6756,6756,2,1,0,0.88427734375,0.09619140625
6757,6757,5,5,1,0.66796875,0.66796875
6758,6758,9,9,1,0.998046875,0.998046875
6759,6759,0,2,0,0.537109375,0.099365234375
6760,6760,8,8,1,0.99560546875,0.99560546875
6761,6761,7,7,1,0.958984375,0.958984375
6762,6762,9,9,1,0.99072265625,0.99072265625
6763,6763,0,0,1,0.89501953125,0.89501953125
6764,6764,5,5,1,0.97265625,0.97265625
6765,6765,3,8,0,0.68359375,0.052703857421875
6766,6766,3,3,1,0.94189453125,0.94189453125
6767,6767,0,9,0,0.94873046875,0.00036072731018066406
6768,6768,6,5,0,0.6767578125,0.2197265625
6769,6769,1,1,1,0.998046875,0.998046875
6770,6770,7,7,1,0.96142578125,0.96142578125
6771,6771,8,3,0,0.728515625,0.03515625
6772,6772,2,2,1,0.46533203125,0.46533203125
6773,6773,6,6,1,0.8076171875,0.8076171875
6774,6774,1,1,1,0.9482421875,0.9482421875
6775,6775,4,4,1,0.9482421875,0.9482421875
6776,6776,4,4,1,0.86083984375,0.86083984375
6777,6777,2,2,1,0.6845703125,0.6845703125
6778,6778,9,9,1,1.0,1.0
6779,6779,8,8,1,0.60546875,0.60546875
6780,6780,4,4,1,0.998046875,0.998046875
6781,6781,9,9,1,0.99951171875,0.99951171875
6782,6782,6,5,0,0.34716796875,0.34716796875
6783,6783,5,5,1,0.96533203125,0.96533203125
6784,6784,3,4,0,0.9404296875,0.001552581787109375
6785,6785,1,1,1,0.884765625,0.884765625
6786,6786,5,5,1,0.88232421875,0.88232421875
6787,6787,7,7,1,0.9912109375,0.9912109375
6788,6788,5,5,1,0.8671875,0.8671875
6789,6789,3,5,0,0.7958984375,0.0113525390625
6790,6790,9,9,1,0.98291015625,0.98291015625
6791,6791,2,2,1,0.541015625,0.541015625
6792,6792,8,8,1,0.96826171875,0.96826171875
6793,6793,3,3,1,0.654296875,0.654296875
6794,6794,1,1,1,0.99951171875,0.99951171875
6795,6795,6,6,1,0.5654296875,0.5654296875
6796,6796,7,2,0,0.485107421875,0.354736328125
6797,6797,5,5,1,0.5986328125,0.5986328125
6798,6798,8,4,0,0.92626953125,0.00229644775390625
6799,6799,7,7,1,0.9482421875,0.9482421875
6800,6800,9,9,1,0.99658203125,0.99658203125
6801,6801,8,8,1,0.75927734375,0.75927734375
6802,6802,6,0,0,0.765625,0.2335205078125
6803,6803,6,6,1,0.56201171875,0.56201171875
6804,6804,0,6,0,0.60546875,0.01515960693359375
6805,6805,3,5,0,0.9501953125,0.005649566650390625
6806,6806,1,1,1,0.97900390625,0.97900390625
6807,6807,9,9,1,0.98583984375,0.98583984375
6808,6808,7,7,1,0.97509765625,0.97509765625
6809,6809,9,9,1,0.99951171875,0.99951171875
6810,6810,7,7,1,0.93603515625,0.93603515625
6811,6811,3,3,1,0.52685546875,0.52685546875
6812,6812,3,6,0,0.301513671875,0.194580078125
6813,6813,9,9,1,0.9619140625,0.9619140625
6814,6814,9,9,1,0.9169921875,0.9169921875
6815,6815,6,6,1,0.80322265625,0.80322265625
6816,6816,6,2,0,0.4814453125,0.330810546875
6817,6817,9,9,1,0.99853515625,0.99853515625
6818,6818,2,6,0,0.465087890625,0.35107421875
6819,6819,9,9,1,0.99365234375,0.99365234375
6820,6820,3,3,1,0.9814453125,0.9814453125
6821,6821,4,4,1,0.99072265625,0.99072265625
6822,6822,5,5,1,0.9150390625,0.9150390625
6823,6823,8,8,1,0.921875,0.921875
6824,6824,9,9,1,0.99609375,0.99609375
6825,6825,4,4,1,0.84033203125,0.84033203125
6826,6826,4,4,1,0.98681640625,0.98681640625
6827,6827,2,5,0,0.6025390625,0.0007505416870117188
6828,6828,2,1,0,0.662109375,0.32275390625
6829,6829,1,9,0,0.86279296875,0.13232421875
6830,6830,4,7,0,0.52294921875,0.47607421875
6831,6831,5,5,1,0.98388671875,0.98388671875
6832,6832,8,5,0,0.5029296875,0.32470703125
6833,6833,6,6,1,0.83154296875,0.83154296875
6834,6834,7,7,1,0.95458984375,0.95458984375
6835,6835,6,6,1,0.8916015625,0.8916015625
6836,6836,5,5,1,0.951171875,0.951171875
6837,6837,2,2,1,0.72900390625,0.72900390625
6838,6838,7,7,1,0.890625,0.890625
6839,6839,7,7,1,0.96533203125,0.96533203125
6840,6840,0,0,1,0.92138671875,0.92138671875
6841,6841,5,5,1,0.6455078125,0.6455078125
6842,6842,3,3,1,0.994140625,0.994140625
6843,6843,4,4,1,0.9951171875,0.9951171875
6844,6844,2,1,0,0.751953125,0.031036376953125
6845,6845,4,4,1,0.9189453125,0.9189453125
6846,6846,1,1,1,0.99755859375,0.99755859375
6847,6847,0,3,0,0.6201171875,0.12213134765625
6848,6848,7,7,1,0.98583984375,0.98583984375
6849,6849,3,4,0,0.468505859375,0.388427734375
6850,6850,2,1,0,0.336669921875,0.326416015625
6851,6851,2,3,0,0.53564453125,0.01183319091796875
6852,6852,1,1,1,0.99072265625,0.99072265625
6853,6853,0,0,1,0.7421875,0.7421875
6854,6854,0,0,1,0.83447265625,0.83447265625
6855,6855,1,1,1,0.7685546875,0.7685546875
6856,6856,0,2,0,0.4150390625,0.208740234375
6857,6857,6,6,1,0.52978515625,0.52978515625
6858,6858,7,2,0,0.39404296875,0.1240234375
6859,6859,1,1,1,0.859375,0.859375
6860,6860,7,7,1,0.751953125,0.751953125
6861,6861,4,4,1,0.99365234375,0.99365234375
6862,6862,4,4,1,0.97314453125,0.97314453125
6863,6863,4,7,0,0.50439453125,0.489013671875
6864,6864,9,9,1,0.732421875,0.732421875
6865,6865,1,9,0,0.71875,0.27294921875
6866,6866,4,4,1,0.96875,0.96875
6867,6867,2,6,0,0.5732421875,0.00511932373046875
6868,6868,5,5,1,0.39404296875,0.39404296875
6869,6869,0,6,0,0.68701171875,0.13525390625
6870,6870,6,6,1,0.7177734375,0.7177734375
6871,6871,0,6,0,0.6044921875,0.10504150390625
6872,6872,3,4,0,0.478271484375,0.422119140625
6873,6873,9,9,1,0.998046875,0.998046875
6874,6874,4,4,1,0.93505859375,0.93505859375
6875,6875,9,9,1,0.99560546875,0.99560546875
6876,6876,3,3,1,1.0,1.0
6877,6877,2,2,1,0.654296875,0.654296875
6878,6878,4,4,1,0.9716796875,0.9716796875
6879,6879,3,5,0,0.6611328125,0.050994873046875
6880,6880,4,4,1,0.97900390625,0.97900390625
6881,6881,6,6,1,0.76806640625,0.76806640625
6882,6882,0,6,0,0.54931640625,0.427734375
6883,6883,2,2,1,0.49072265625,0.49072265625
6884,6884,5,5,1,0.64404296875,0.64404296875
6885,6885,2,2,1,0.7490234375,0.7490234375
6886,6886,1,1,1,0.994140625,0.994140625
6887,6887,7,7,1,0.99072265625,0.99072265625
6888,6888,7,7,1,0.712890625,0.712890625
6889,6889,1,1,1,0.99755859375,0.99755859375
6890,6890,8,1,0,0.734375,0.0111541748046875
6891,6891,1,1,1,0.97314453125,0.97314453125
6892,6892,2,2,1,0.9345703125,0.9345703125
6893,6893,8,5,0,0.59375,0.042999267578125
6894,6894,5,5,1,0.479736328125,0.479736328125
6895,6895,9,9,1,0.9794921875,0.9794921875
6896,6896,3,5,0,0.52197265625,0.0004200935363769531
6897,6897,1,1,1,0.90087890625,0.90087890625
6898,6898,4,4,1,0.96240234375,0.96240234375
6899,6899,7,7,1,0.9638671875,0.9638671875
6900,6900,3,4,0,0.60693359375,0.003841400146484375
6901,6901,6,6,1,0.9814453125,0.9814453125
6902,6902,1,1,1,0.9248046875,0.9248046875
6903,6903,6,4,0,0.767578125,0.1822509765625
6904,6904,0,2,0,0.84033203125,0.039306640625
6905,6905,9,9,1,0.99609375,0.99609375
6906,6906,7,7,1,0.8251953125,0.8251953125
6907,6907,0,2,0,0.318603515625,0.047332763671875
6908,6908,5,6,0,0.5888671875,0.380126953125
6909,6909,0,4,0,0.8359375,0.006381988525390625
6910,6910,4,4,1,0.9990234375,0.9990234375
6911,6911,9,9,1,0.99365234375,0.99365234375
6912,6912,6,6,1,0.830078125,0.830078125
6913,6913,1,1,1,0.93603515625,0.93603515625
6914,6914,1,1,1,0.7392578125,0.7392578125
6915,6915,2,2,1,0.51953125,0.51953125
6916,6916,1,1,1,0.689453125,0.689453125
6917,6917,1,1,1,0.998046875,0.998046875
6918,6918,5,5,1,0.94091796875,0.94091796875
6919,6919,5,5,1,0.63818359375,0.63818359375
6920,6920,9,9,1,0.9931640625,0.9931640625
6921,6921,8,8,1,0.9072265625,0.9072265625
6922,6922,6,6,1,0.9814453125,0.9814453125
6923,6923,0,2,0,0.62744140625,0.0284423828125
6924,6924,7,7,1,0.95947265625,0.95947265625
6925,6925,8,8,1,0.7490234375,0.7490234375
6926,6926,2,6,0,0.50390625,0.444580078125
6927,6927,1,1,1,0.55029296875,0.55029296875
6928,6928,1,1,1,0.9833984375,0.9833984375
6929,6929,5,5,1,0.98046875,0.98046875
6930,6930,3,7,0,0.64208984375,0.06768798828125
6931,6931,4,4,1,0.70263671875,0.70263671875
6932,6932,1,1,1,0.98095703125,0.98095703125
6933,6933,5,5,1,0.9658203125,0.9658203125
6934,6934,9,9,1,0.99072265625,0.99072265625
6935,6935,9,9,1,0.9970703125,0.9970703125
6936,6936,5,5,1,0.86083984375,0.86083984375
6937,6937,8,8,1,0.9599609375,0.9599609375
6938,6938,7,7,1,0.9931640625,0.9931640625
6939,6939,1,1,1,0.99609375,0.99609375
6940,6940,8,8,1,0.74853515625,0.74853515625
6941,6941,8,8,1,0.66357421875,0.66357421875
6942,6942,3,4,0,0.77294921875,0.001445770263671875
6943,6943,6,0,0,0.485107421875,0.455810546875
6944,6944,1,1,1,0.9970703125,0.9970703125
6945,6945,7,1,0,0.91650390625,0.00249481201171875
6946,6946,2,1,0,0.8408203125,0.0648193359375
6947,6947,4,4,1,0.986328125,0.986328125
6948,6948,4,7,0,0.701171875,0.283447265625
6949,6949,2,1,0,0.947265625,0.048675537109375
6950,6950,1,1,1,0.58056640625,0.58056640625
6951,6951,4,4,1,0.8994140625,0.8994140625
6952,6952,3,5,0,0.5546875,0.34716796875
6953,6953,2,8,0,0.4033203125,0.229736328125
6954,6954,3,2,0,0.30615234375,0.25390625
6955,6955,1,1,1,0.9970703125,0.9970703125
6956,6956,2,2,1,0.49365234375,0.49365234375
6957,6957,0,0,1,0.65380859375,0.65380859375
6958,6958,8,8,1,0.99658203125,0.99658203125
6959,6959,0,6,0,0.472900390625,0.1971435546875
6960,6960,7,7,1,0.9755859375,0.9755859375
6961,6961,5,5,1,0.958984375,0.958984375
6962,6962,5,1,0,0.7958984375,0.177490234375
6963,6963,1,1,1,0.51611328125,0.51611328125
6964,6964,7,7,1,0.9873046875,0.9873046875
6965,6965,8,8,1,0.97119140625,0.97119140625
6966,6966,2,1,0,0.919921875,0.05029296875
6967,6967,7,7,1,0.99853515625,0.99853515625
6968,6968,8,8,1,0.98828125,0.98828125
6969,6969,1,1,1,0.99658203125,0.99658203125
6970,6970,0,2,0,0.410400390625,0.206298828125
6971,6971,9,9,1,0.98779296875,0.98779296875
6972,6972,8,8,1,0.7890625,0.7890625
6973,6973,4,4,1,0.97412109375,0.97412109375
6974,6974,7,7,1,0.9423828125,0.9423828125
6975,6975,4,4,1,0.99609375,0.99609375
6976,6976,3,5,0,0.9580078125,0.0017375946044921875
6977,6977,5,5,1,0.99072265625,0.99072265625
6978,6978,2,1,0,0.325439453125,0.287353515625
6979,6979,6,2,0,0.6376953125,0.0239715576171875
6980,6980,2,6,0,0.82080078125,0.0673828125
6981,6981,6,6,1,0.4248046875,0.4248046875
6982,6982,8,8,1,0.71142578125,0.71142578125
6983,6983,3,5,0,0.85595703125,0.0214385986328125
6984,6984,6,6,1,0.7880859375,0.7880859375
6985,6985,6,6,1,0.8876953125,0.8876953125
6986,6986,4,4,1,0.9462890625,0.9462890625
6987,6987,4,4,1,0.9794921875,0.9794921875
6988,6988,7,7,1,0.97900390625,0.97900390625
6989,6989,4,4,1,0.8076171875,0.8076171875
6990,6990,7,7,1,0.97021484375,0.97021484375
6991,6991,5,1,0,0.407470703125,0.3828125
6992,6992,9,9,1,0.974609375,0.974609375
6993,6993,3,3,1,0.85888671875,0.85888671875
6994,6994,5,5,1,0.8173828125,0.8173828125
6995,6995,9,9,1,0.98779296875,0.98779296875
6996,6996,9,9,1,0.9033203125,0.9033203125
6997,6997,2,1,0,0.53857421875,0.4462890625
6998,6998,3,3,1,0.8583984375,0.8583984375
6999,6999,7,7,1,0.94677734375,0.94677734375
7000,7000,0,0,1,0.361328125,0.361328125
7001,7001,0,4,0,0.37060546875,0.0276947021484375
7002,7002,8,5,0,0.91943359375,0.02777099609375
7003,7003,8,8,1,0.9658203125,0.9658203125
7004,7004,0,0,1,0.71923828125,0.71923828125
7005,7005,7,7,1,0.99072265625,0.99072265625
7006,7006,2,6,0,0.400390625,0.258544921875
7007,7007,9,9,1,0.99169921875,0.99169921875
7008,7008,7,2,0,0.724609375,0.0193023681640625
7009,7009,4,4,1,0.9931640625,0.9931640625
7010,7010,4,4,1,0.9970703125,0.9970703125
7011,7011,1,1,1,0.99951171875,0.99951171875
7012,7012,6,0,0,0.67431640625,0.318603515625
7013,7013,4,4,1,0.9970703125,0.9970703125
7014,7014,8,8,1,0.78759765625,0.78759765625
7015,7015,8,8,1,0.5654296875,0.5654296875
7016,7016,2,8,0,0.52685546875,0.059112548828125
7017,7017,2,1,0,0.505859375,0.3701171875
7018,7018,0,5,0,0.5224609375,0.08013916015625
7019,7019,7,7,1,0.90087890625,0.90087890625
7020,7020,6,6,1,0.7919921875,0.7919921875
7021,7021,2,1,0,0.86572265625,0.12469482421875
7022,7022,2,1,0,0.7138671875,0.2110595703125
7023,7023,3,3,1,0.42529296875,0.42529296875
7024,7024,7,7,1,0.998046875,0.998046875
7025,7025,2,1,0,0.85888671875,0.08502197265625
7026,7026,9,9,1,0.9921875,0.9921875
7027,7027,7,7,1,0.99560546875,0.99560546875
7028,7028,1,1,1,0.8544921875,0.8544921875
7029,7029,7,7,1,0.853515625,0.853515625
7030,7030,6,6,1,0.47802734375,0.47802734375
7031,7031,2,1,0,0.92138671875,0.055328369140625
7032,7032,3,4,0,0.464599609375,0.10369873046875
7033,7033,2,2,1,0.51416015625,0.51416015625
7034,7034,8,8,1,0.99951171875,0.99951171875
7035,7035,7,7,1,0.98779296875,0.98779296875
7036,7036,0,2,0,0.751953125,0.033050537109375
7037,7037,3,3,1,0.99755859375,0.99755859375
7038,7038,7,7,1,0.92822265625,0.92822265625
7039,7039,6,6,1,0.95361328125,0.95361328125
7040,7040,1,1,1,0.939453125,0.939453125
7041,7041,9,9,1,0.978515625,0.978515625
7042,7042,9,9,1,0.986328125,0.986328125
7043,7043,7,7,1,0.9267578125,0.9267578125
7044,7044,0,2,0,0.5361328125,0.1055908203125
7045,7045,7,7,1,0.87744140625,0.87744140625
7046,7046,1,1,1,0.5029296875,0.5029296875
7047,7047,0,2,0,0.60693359375,0.05474853515625
7048,7048,1,1,1,0.88818359375,0.88818359375
7049,7049,8,8,1,0.90234375,0.90234375
7050,7050,3,3,1,0.791015625,0.791015625
7051,7051,0,0,1,0.7041015625,0.7041015625
7052,7052,0,9,0,0.59375,0.01157379150390625
7053,7053,1,1,1,0.426513671875,0.426513671875
7054,7054,3,3,1,0.4658203125,0.4658203125
7055,7055,0,6,0,0.7021484375,0.292724609375
7056,7056,9,9,1,0.99658203125,0.99658203125
7057,7057,3,4,0,0.99462890625,0.00010830163955688477
7058,7058,0,2,0,0.486572265625,0.0301513671875
7059,7059,7,7,1,0.990234375,0.990234375
7060,7060,8,4,0,0.77099609375,0.177490234375
7061,7061,7,7,1,0.98095703125,0.98095703125
7062,7062,1,1,1,0.63330078125,0.63330078125
7063,7063,9,9,1,0.9970703125,0.9970703125
7064,7064,9,9,1,0.9580078125,0.9580078125
7065,7065,8,5,0,0.9189453125,0.0077056884765625
7066,7066,3,3,1,0.469482421875,0.469482421875
7067,7067,4,4,1,0.98681640625,0.98681640625
7068,7068,6,6,1,0.82763671875,0.82763671875
7069,7069,4,4,1,0.99609375,0.99609375
7070,7070,1,1,1,0.9990234375,0.9990234375
7071,7071,1,1,1,0.99365234375,0.99365234375
7072,7072,4,7,0,0.82470703125,0.1728515625
7073,7073,2,1,0,0.5068359375,0.2249755859375
7074,7074,5,2,0,0.458740234375,0.335693359375
7075,7075,9,9,1,0.990234375,0.990234375
7076,7076,3,4,0,0.509765625,0.048919677734375
7077,7077,2,1,0,0.78173828125,0.2103271484375
7078,7078,1,1,1,0.98095703125,0.98095703125
7079,7079,7,7,1,0.98046875,0.98046875
7080,7080,4,4,1,0.99951171875,0.99951171875
7081,7081,1,1,1,0.97802734375,0.97802734375
7082,7082,2,8,0,0.58251953125,0.024810791015625
7083,7083,6,6,1,0.9873046875,0.9873046875
7084,7084,5,5,1,0.96484375,0.96484375
7085,7085,2,6,0,0.369873046875,0.1278076171875
7086,7086,1,1,1,0.994140625,0.994140625
7087,7087,8,2,0,0.63330078125,0.05889892578125
7088,7088,7,7,1,0.841796875,0.841796875
7089,7089,4,4,1,0.46435546875,0.46435546875
7090,7090,8,8,1,0.779296875,0.779296875
7091,7091,0,4,0,0.3798828125,0.049835205078125
7092,7092,2,6,0,0.89013671875,0.007232666015625
7093,7093,9,9,1,0.9912109375,0.9912109375
7094,7094,8,8,1,0.59423828125,0.59423828125
7095,7095,4,4,1,0.99609375,0.99609375
7096,7096,3,5,0,0.87890625,0.032012939453125
7097,7097,4,7,0,0.61328125,0.318115234375
7098,7098,8,8,1,0.99951171875,0.99951171875
7099,7099,6,6,1,0.73583984375,0.73583984375
7100,7100,6,6,1,0.87353515625,0.87353515625
7101,7101,9,9,1,0.98681640625,0.98681640625
7102,7102,0,2,0,0.62158203125,0.0075836181640625
7103,7103,6,4,0,0.54541015625,0.1884765625
7104,7104,9,9,1,0.98095703125,0.98095703125
7105,7105,8,5,0,0.52001953125,0.335693359375
7106,7106,2,6,0,0.47998046875,0.0833740234375
7107,7107,2,6,0,0.4169921875,0.1849365234375
7108,7108,9,9,1,0.9892578125,0.9892578125
7109,7109,6,6,1,0.90869140625,0.90869140625
7110,7110,3,4,0,0.66064453125,0.029022216796875
7111,7111,6,6,1,0.908203125,0.908203125
7112,7112,5,5,1,0.64306640625,0.64306640625
7113,7113,1,1,1,0.72265625,0.72265625
7114,7114,1,1,1,0.99951171875,0.99951171875
7115,7115,7,2,0,0.79541015625,0.049285888671875
7116,7116,1,1,1,0.99609375,0.99609375
7117,7117,6,6,1,0.7666015625,0.7666015625
7118,7118,2,1,0,0.435546875,0.1932373046875
7119,7119,7,7,1,0.77734375,0.77734375
7120,7120,2,2,1,0.6435546875,0.6435546875
7121,7121,4,4,1,0.6220703125,0.6220703125
7122,7122,4,4,1,0.77490234375,0.77490234375
7123,7123,1,1,1,0.53564453125,0.53564453125
7124,7124,4,4,1,1.0,1.0
7125,7125,8,8,1,0.9990234375,0.9990234375
7126,7126,4,4,1,0.9990234375,0.9990234375
7127,7127,1,1,1,0.98779296875,0.98779296875
7128,7128,0,2,0,0.19384765625,0.091552734375
7129,7129,9,9,1,0.9970703125,0.9970703125
7130,7130,4,4,1,0.88671875,0.88671875
7131,7131,3,3,1,0.99853515625,0.99853515625
7132,7132,7,7,1,0.9853515625,0.9853515625
7133,7133,2,2,1,0.5185546875,0.5185546875
7134,7134,2,8,0,0.51513671875,0.0106964111328125
7135,7135,3,6,0,0.84033203125,0.0007429122924804688
7136,7136,0,5,0,0.236083984375,0.043670654296875
7137,7137,2,1,0,0.6396484375,0.32177734375
7138,7138,2,6,0,0.99072265625,0.0001385211944580078
7139,7139,4,4,1,0.6884765625,0.6884765625
7140,7140,6,6,1,0.8466796875,0.8466796875
7141,7141,2,1,0,0.962890625,0.03094482421875
7142,7142,2,2,1,0.978515625,0.978515625
7143,7143,3,4,0,0.6220703125,0.36572265625
7144,7144,1,1,1,0.9873046875,0.9873046875
7145,7145,9,9,1,0.998046875,0.998046875
7146,7146,1,1,1,0.9013671875,0.9013671875
7147,7147,1,1,1,0.998046875,0.998046875
7148,7148,9,9,1,0.9990234375,0.9990234375
7149,7149,3,2,0,0.492431640625,0.232666015625
7150,7150,4,4,1,0.62548828125,0.62548828125
7151,7151,2,8,0,0.50634765625,0.0997314453125
7152,7152,9,9,1,0.99951171875,0.99951171875
7153,7153,4,4,1,0.98876953125,0.98876953125
7154,7154,5,5,1,0.88623046875,0.88623046875
7155,7155,4,4,1,0.82568359375,0.82568359375
7156,7156,0,5,0,0.51025390625,0.212646484375
7157,7157,4,7,0,0.55908203125,0.435302734375
7158,7158,9,9,1,0.99951171875,0.99951171875
7159,7159,8,8,1,0.95166015625,0.95166015625
7160,7160,7,7,1,0.93701171875,0.93701171875
7161,7161,9,8,0,0.52685546875,0.281982421875
7162,7162,9,9,1,0.9921875,0.9921875
7163,7163,3,4,0,0.98974609375,5.424022674560547e-05
7164,7164,4,4,1,0.96630859375,0.96630859375
7165,7165,6,6,1,0.919921875,0.919921875
7166,7166,6,6,1,0.78466796875,0.78466796875
7167,7167,2,2,1,0.416015625,0.416015625
7168,7168,8,3,0,0.6806640625,0.03839111328125
7169,7169,0,0,1,0.54248046875,0.54248046875
7170,7170,2,2,1,0.34814453125,0.34814453125
7171,7171,2,6,0,0.9208984375,0.037994384765625
7172,7172,1,1,1,0.60986328125,0.60986328125
7173,7173,1,1,1,1.0,1.0
7174,7174,0,2,0,0.55029296875,0.1787109375
7175,7175,9,9,1,0.99365234375,0.99365234375
7176,7176,2,6,0,0.345703125,0.21630859375
7177,7177,7,7,1,0.96826171875,0.96826171875
7178,7178,5,5,1,0.712890625,0.712890625
7179,7179,6,0,0,0.75390625,0.2447509765625
7180,7180,1,9,0,0.51416015625,0.483154296875
7181,7181,2,2,1,0.394775390625,0.394775390625
7182,7182,9,9,1,0.9814453125,0.9814453125
7183,7183,1,1,1,0.8310546875,0.8310546875
7184,7184,4,4,1,0.99951171875,0.99951171875
7185,7185,2,2,1,0.418212890625,0.418212890625
7186,7186,3,4,0,0.479248046875,0.12115478515625
7187,7187,5,5,1,0.935546875,0.935546875
7188,7188,5,5,1,0.58544921875,0.58544921875
7189,7189,0,0,1,0.481201171875,0.481201171875
7190,7190,2,1,0,0.96533203125,0.0166168212890625
7191,7191,5,5,1,0.9228515625,0.9228515625
7192,7192,1,9,0,0.50830078125,0.462890625
7193,7193,8,8,1,0.974609375,0.974609375
7194,7194,8,8,1,0.98388671875,0.98388671875
7195,7195,5,5,1,0.984375,0.984375
7196,7196,2,2,1,0.68212890625,0.68212890625
7197,7197,8,8,1,0.97705078125,0.97705078125
7198,7198,7,7,1,0.9638671875,0.9638671875
7199,7199,9,9,1,0.9912109375,0.9912109375
7200,7200,7,7,1,0.7978515625,0.7978515625
7201,7201,3,3,1,0.5859375,0.5859375
7202,7202,4,4,1,0.99169921875,0.99169921875
7203,7203,2,1,0,0.99462890625,0.003818511962890625
7204,7204,9,9,1,0.978515625,0.978515625
7205,7205,1,1,1,0.93115234375,0.93115234375
7206,7206,3,7,0,0.5390625,0.0020694732666015625
7207,7207,2,2,1,0.7119140625,0.7119140625
7208,7208,0,4,0,0.2469482421875,0.0802001953125
7209,7209,7,7,1,0.916015625,0.916015625
7210,7210,4,4,1,0.99609375,0.99609375
7211,7211,4,4,1,0.9423828125,0.9423828125
7212,7212,2,2,1,0.465087890625,0.465087890625
7213,7213,7,7,1,0.994140625,0.994140625
7214,7214,9,9,1,0.9423828125,0.9423828125
7215,7215,5,5,1,0.90283203125,0.90283203125
7216,7216,2,5,0,0.6875,0.0063323974609375
7217,7217,4,4,1,0.9990234375,0.9990234375
7218,7218,3,3,1,0.94091796875,0.94091796875
7219,7219,4,4,1,1.0,1.0
7220,7220,0,0,1,0.35986328125,0.35986328125
7221,7221,1,1,1,0.99951171875,0.99951171875
7222,7222,0,0,1,0.81396484375,0.81396484375
7223,7223,3,3,1,0.82177734375,0.82177734375
7224,7224,1,1,1,0.99755859375,0.99755859375
7225,7225,2,1,0,0.94970703125,0.023773193359375
7226,7226,1,1,1,0.9892578125,0.9892578125
7227,7227,7,7,1,0.96875,0.96875
7228,7228,0,2,0,0.70458984375,0.041015625
7229,7229,7,7,1,0.79296875,0.79296875
7230,7230,3,4,0,0.556640625,0.00301361083984375
7231,7231,7,7,1,0.91455078125,0.91455078125
7232,7232,9,9,1,0.99755859375,0.99755859375
7233,7233,2,1,0,0.57958984375,0.374267578125
7234,7234,4,4,1,0.974609375,0.974609375
7235,7235,0,6,0,0.7255859375,0.11126708984375
7236,7236,4,4,1,0.7685546875,0.7685546875
7237,7237,2,1,0,0.4853515625,0.3662109375
7238,7238,8,8,1,0.96826171875,0.96826171875
7239,7239,4,4,1,0.6904296875,0.6904296875
7240,7240,9,9,1,1.0,1.0
7241,7241,4,4,1,0.99951171875,0.99951171875
7242,7242,7,7,1,0.95068359375,0.95068359375
7243,7243,1,1,1,0.9990234375,0.9990234375
7244,7244,9,9,1,0.974609375,0.974609375
7245,7245,6,6,1,0.81689453125,0.81689453125
7246,7246,4,4,1,0.52880859375,0.52880859375
7247,7247,6,6,1,0.9462890625,0.9462890625
7248,7248,8,8,1,0.8583984375,0.8583984375
7249,7249,1,1,1,0.984375,0.984375
7250,7250,5,5,1,0.79833984375,0.79833984375
7251,7251,2,8,0,0.39453125,0.149658203125
7252,7252,3,1,0,0.70947265625,0.01617431640625
7253,7253,6,6,1,0.919921875,0.919921875
7254,7254,1,1,1,0.9755859375,0.9755859375
7255,7255,9,9,1,0.99169921875,0.99169921875
7256,7256,3,5,0,0.81103515625,5.882978439331055e-05
7257,7257,7,5,0,0.487060546875,0.184814453125
7258,7258,4,4,1,0.97509765625,0.97509765625
7259,7259,2,2,1,0.41259765625,0.41259765625
7260,7260,5,5,1,0.73583984375,0.73583984375
7261,7261,4,4,1,0.54541015625,0.54541015625
7262,7262,8,8,1,0.8974609375,0.8974609375
7263,7263,7,7,1,0.98974609375,0.98974609375
7264,7264,9,9,1,0.98828125,0.98828125
7265,7265,7,7,1,0.93408203125,0.93408203125
7266,7266,5,5,1,0.92041015625,0.92041015625
7267,7267,6,4,0,0.59130859375,0.279296875
7268,7268,5,5,1,0.93408203125,0.93408203125
7269,7269,0,6,0,0.78076171875,0.1741943359375
7270,7270,5,1,0,0.5498046875,0.402099609375
7271,7271,5,1,0,0.84814453125,0.0478515625
7272,7272,2,8,0,0.56640625,0.043670654296875
7273,7273,3,4,0,0.471923828125,0.2861328125
7274,7274,4,4,1,0.9873046875,0.9873046875
7275,7275,9,9,1,0.990234375,0.990234375
7276,7276,2,1,0,0.82568359375,0.0160980224609375
7277,7277,3,3,1,0.95947265625,0.95947265625
7278,7278,9,9,1,0.9755859375,0.9755859375
7279,7279,1,1,1,0.80078125,0.80078125
7280,7280,0,0,1,0.7509765625,0.7509765625
7281,7281,0,0,1,0.401611328125,0.401611328125
7282,7282,2,2,1,0.82275390625,0.82275390625
7283,7283,0,1,0,0.343994140625,0.028228759765625
7284,7284,1,1,1,0.9169921875,0.9169921875
7285,7285,7,7,1,0.9189453125,0.9189453125
7286,7286,4,4,1,0.9814453125,0.9814453125
7287,7287,4,3,0,0.443603515625,0.29541015625
7288,7288,2,2,1,0.93701171875,0.93701171875
7289,7289,9,9,1,0.9765625,0.9765625
7290,7290,5,5,1,0.71484375,0.71484375
7291,7291,8,5,0,0.66796875,0.29638671875
7292,7292,8,8,1,0.9287109375,0.9287109375
7293,7293,5,5,1,0.85498046875,0.85498046875
7294,7294,2,1,0,0.931640625,0.06341552734375
7295,7295,4,4,1,0.97021484375,0.97021484375
7296,7296,2,1,0,0.66064453125,0.293212890625
7297,7297,6,6,1,0.80712890625,0.80712890625
7298,7298,6,2,0,0.76220703125,0.05352783203125
7299,7299,0,9,0,0.97021484375,0.0009717941284179688
7300,7300,1,1,1,0.982421875,0.982421875
7301,7301,3,4,0,0.87353515625,0.03179931640625
7302,7302,3,3,1,0.99365234375,0.99365234375
7303,7303,7,7,1,0.99755859375,0.99755859375
7304,7304,3,7,0,0.50244140625,0.02349853515625
7305,7305,1,1,1,0.99755859375,0.99755859375
7306,7306,5,5,1,0.92919921875,0.92919921875
7307,7307,5,5,1,0.990234375,0.990234375
7308,7308,2,5,0,0.357177734375,0.1488037109375
7309,7309,9,9,1,0.99462890625,0.99462890625
7310,7310,0,9,0,0.2744140625,0.059326171875
7311,7311,4,4,1,0.998046875,0.998046875
7312,7312,0,9,0,0.34375,0.0616455078125
7313,7313,7,7,1,0.98876953125,0.98876953125
7314,7314,1,1,1,0.99755859375,0.99755859375
7315,7315,1,1,1,0.80859375,0.80859375
7316,7316,4,4,1,0.88037109375,0.88037109375
7317,7317,6,2,0,0.83935546875,0.009033203125
7318,7318,4,4,1,0.97216796875,0.97216796875
7319,7319,6,6,1,0.9658203125,0.9658203125
7320,7320,6,6,1,0.94921875,0.94921875
7321,7321,6,6,1,0.94287109375,0.94287109375
7322,7322,5,5,1,0.54052734375,0.54052734375
7323,7323,6,6,1,0.96875,0.96875
7324,7324,7,7,1,0.990234375,0.990234375
7325,7325,6,6,1,0.78857421875,0.78857421875
7326,7326,1,1,1,0.76806640625,0.76806640625
7327,7327,3,4,0,0.71044921875,0.174072265625
7328,7328,0,2,0,0.51416015625,0.006893157958984375
7329,7329,7,7,1,0.98681640625,0.98681640625
7330,7330,8,4,0,0.78125,0.14453125
7331,7331,9,9,1,0.99462890625,0.99462890625
7332,7332,6,5,0,0.759765625,0.2177734375
7333,7333,8,8,1,0.399658203125,0.399658203125
7334,7334,6,6,1,0.921875,0.921875
7335,7335,0,2,0,0.55615234375,0.08013916015625
7336,7336,5,5,1,0.970703125,0.970703125
7337,7337,8,8,1,0.68701171875,0.68701171875
7338,7338,4,4,1,0.990234375,0.990234375
7339,7339,7,7,1,0.74072265625,0.74072265625
7340,7340,0,0,1,0.83837890625,0.83837890625
7341,7341,8,5,0,0.6259765625,0.335205078125
7342,7342,3,4,0,0.97509765625,0.0048065185546875
7343,7343,8,5,0,0.8349609375,0.032379150390625
7344,7344,1,1,1,0.61767578125,0.61767578125
7345,7345,1,9,0,0.93310546875,0.06549072265625
7346,7346,9,9,1,0.9970703125,0.9970703125
7347,7347,0,6,0,0.6201171875,0.353271484375
7348,7348,2,6,0,0.6708984375,0.164306640625
7349,7349,7,7,1,0.8662109375,0.8662109375
7350,7350,7,7,1,0.8681640625,0.8681640625
7351,7351,8,8,1,0.76806640625,0.76806640625
7352,7352,0,0,1,0.61279296875,0.61279296875
7353,7353,8,4,0,0.81298828125,0.0179595947265625
7354,7354,9,9,1,0.98095703125,0.98095703125
7355,7355,9,9,1,0.98095703125,0.98095703125
7356,7356,6,6,1,0.93994140625,0.93994140625
7357,7357,8,5,0,0.281005859375,0.281005859375
7358,7358,3,8,0,0.5283203125,0.341064453125
7359,7359,2,8,0,0.400146484375,0.375732421875
7360,7360,2,5,0,0.489013671875,0.027587890625
7361,7361,8,4,0,0.759765625,0.08526611328125
7362,7362,2,8,0,0.734375,0.033294677734375
7363,7363,9,9,1,0.982421875,0.982421875
7364,7364,6,6,1,0.61279296875,0.61279296875
7365,7365,9,9,1,0.9970703125,0.9970703125
7366,7366,1,1,1,0.99951171875,0.99951171875
7367,7367,6,4,0,0.515625,0.332763671875
7368,7368,3,6,0,0.57080078125,0.005260467529296875
7369,7369,0,0,1,0.427978515625,0.427978515625
7370,7370,1,1,1,0.98876953125,0.98876953125
7371,7371,1,1,1,0.75146484375,0.75146484375
7372,7372,7,2,0,0.66748046875,0.10235595703125
7373,7373,7,7,1,0.7958984375,0.7958984375
7374,7374,0,0,1,0.54296875,0.54296875
7375,7375,3,7,0,0.432861328125,0.337158203125
7376,7376,6,0,0,0.77734375,0.22265625
7377,7377,0,0,1,0.457763671875,0.457763671875
7378,7378,8,8,1,0.8505859375,0.8505859375
7379,7379,7,7,1,0.97509765625,0.97509765625
7380,7380,1,1,1,0.99462890625,0.99462890625
7381,7381,5,5,1,0.89990234375,0.89990234375
7382,7382,4,4,1,0.99951171875,0.99951171875
7383,7383,9,9,1,0.99658203125,0.99658203125
7384,7384,9,9,1,0.88720703125,0.88720703125
7385,7385,7,7,1,0.56640625,0.56640625
7386,7386,0,4,0,0.476318359375,0.0443115234375
7387,7387,5,5,1,0.9130859375,0.9130859375
7388,7388,7,7,1,0.9482421875,0.9482421875
7389,7389,0,0,1,0.44384765625,0.44384765625
7390,7390,5,5,1,0.974609375,0.974609375
7391,7391,5,5,1,0.9814453125,0.9814453125
7392,7392,8,8,1,0.953125,0.953125
7393,7393,7,7,1,0.98486328125,0.98486328125
7394,7394,0,0,1,0.34423828125,0.34423828125
7395,7395,7,7,1,0.96240234375,0.96240234375
7396,7396,7,7,1,0.97607421875,0.97607421875
7397,7397,3,4,0,0.61376953125,0.0007653236389160156
7398,7398,8,8,1,0.282470703125,0.282470703125
7399,7399,8,8,1,0.9814453125,0.9814453125
7400,7400,3,3,1,0.6357421875,0.6357421875
7401,7401,0,2,0,0.81494140625,0.0489501953125
7402,7402,7,7,1,0.88232421875,0.88232421875
7403,7403,9,9,1,0.98876953125,0.98876953125
7404,7404,1,9,0,0.7626953125,0.232666015625
7405,7405,8,8,1,0.99609375,0.99609375
7406,7406,8,8,1,0.8818359375,0.8818359375
7407,7407,9,9,1,0.88818359375,0.88818359375
7408,7408,8,8,1,0.72314453125,0.72314453125
7409,7409,0,0,1,0.6337890625,0.6337890625
7410,7410,8,8,1,0.60888671875,0.60888671875
7411,7411,2,2,1,0.77880859375,0.77880859375
7412,7412,4,4,1,0.8916015625,0.8916015625
7413,7413,4,4,1,1.0,1.0
7414,7414,4,4,1,1.0,1.0
7415,7415,3,3,1,0.8037109375,0.8037109375
7416,7416,2,2,1,0.75390625,0.75390625
7417,7417,0,9,0,0.95703125,0.0026874542236328125
7418,7418,0,2,0,0.64501953125,0.05291748046875
7419,7419,1,1,1,0.99755859375,0.99755859375
7420,7420,4,4,1,0.99560546875,0.99560546875
7421,7421,3,7,0,0.619140625,0.057586669921875
7422,7422,3,3,1,0.5009765625,0.5009765625
7423,7423,1,1,1,0.9931640625,0.9931640625
7424,7424,6,6,1,0.7763671875,0.7763671875
7425,7425,1,1,1,0.9970703125,0.9970703125
7426,7426,9,9,1,0.99072265625,0.99072265625
7427,7427,8,8,1,0.68408203125,0.68408203125
7428,7428,5,5,1,0.6123046875,0.6123046875
7429,7429,5,5,1,0.405517578125,0.405517578125
7430,7430,1,0,0,0.63916015625,0.002166748046875
7431,7431,0,5,0,0.35205078125,0.28271484375
7432,7432,3,6,0,0.41943359375,0.39404296875
7433,7433,1,1,1,0.99951171875,0.99951171875
7434,7434,1,1,1,0.92724609375,0.92724609375
7435,7435,4,4,1,0.583984375,0.583984375
7436,7436,5,5,1,0.97607421875,0.97607421875
7437,7437,6,2,0,0.94775390625,0.02093505859375
7438,7438,5,5,1,0.66748046875,0.66748046875
7439,7439,0,9,0,0.9443359375,0.0008344650268554688
7440,7440,7,7,1,0.6376953125,0.6376953125
7441,7441,7,7,1,0.98486328125,0.98486328125
7442,7442,3,6,0,0.395263671875,0.317626953125
7443,7443,3,5,0,0.72900390625,0.167724609375
7444,7444,7,1,0,0.615234375,0.21923828125
7445,7445,5,5,1,0.955078125,0.955078125
7446,7446,3,4,0,0.99365234375,0.00013053417205810547
7447,7447,8,8,1,0.89013671875,0.89013671875
7448,7448,6,6,1,0.84228515625,0.84228515625
7449,7449,2,1,0,0.66748046875,0.278076171875
7450,7450,6,6,1,0.92138671875,0.92138671875
7451,7451,0,0,1,0.9462890625,0.9462890625
7452,7452,9,9,1,0.98828125,0.98828125
7453,7453,7,7,1,0.85791015625,0.85791015625
7454,7454,8,7,0,0.5791015625,0.0026798248291015625
7455,7455,3,4,0,0.978515625,0.006389617919921875
7456,7456,0,0,1,0.4892578125,0.4892578125
7457,7457,7,7,1,0.9189453125,0.9189453125
7458,7458,7,7,1,0.9169921875,0.9169921875
7459,7459,3,3,1,0.99755859375,0.99755859375
7460,7460,0,0,1,0.68603515625,0.68603515625
7461,7461,0,0,1,0.8447265625,0.8447265625
7462,7462,0,2,0,0.58935546875,0.09039306640625
7463,7463,5,5,1,0.98388671875,0.98388671875
7464,7464,2,1,0,0.466796875,0.4384765625
7465,7465,6,0,0,0.463134765625,0.3720703125
7466,7466,9,9,1,0.99853515625,0.99853515625
7467,7467,4,4,1,0.99951171875,0.99951171875
7468,7468,7,7,1,0.95556640625,0.95556640625
7469,7469,5,5,1,0.99853515625,0.99853515625
7470,7470,6,6,1,0.77783203125,0.77783203125
7471,7471,8,8,1,0.79248046875,0.79248046875
7472,7472,3,3,1,0.82275390625,0.82275390625
7473,7473,3,3,1,0.9501953125,0.9501953125
7474,7474,2,8,0,0.73486328125,0.185791015625
7475,7475,7,7,1,0.880859375,0.880859375
7476,7476,2,6,0,0.55712890625,0.032440185546875
7477,7477,1,1,1,0.98486328125,0.98486328125
7478,7478,6,6,1,0.88134765625,0.88134765625
7479,7479,5,5,1,0.9267578125,0.9267578125
7480,7480,7,7,1,0.98681640625,0.98681640625
7481,7481,2,1,0,0.8232421875,0.126220703125
7482,7482,3,3,1,0.85107421875,0.85107421875
7483,7483,2,6,0,0.8193359375,0.0280303955078125
7484,7484,5,5,1,0.90234375,0.90234375
7485,7485,2,2,1,0.66650390625,0.66650390625
7486,7486,4,4,1,0.873046875,0.873046875
7487,7487,2,1,0,0.58837890625,0.2958984375
7488,7488,2,1,0,0.84716796875,0.052490234375
7489,7489,4,4,1,0.99365234375,0.99365234375
7490,7490,2,1,0,0.86328125,0.12432861328125
7491,7491,3,7,0,0.92041015625,0.00426483154296875
7492,7492,0,0,1,0.81787109375,0.81787109375
7493,7493,7,7,1,0.99365234375,0.99365234375
7494,7494,5,5,1,0.75146484375,0.75146484375
7495,7495,0,0,1,0.59814453125,0.59814453125
7496,7496,0,2,0,0.64697265625,0.1973876953125
7497,7497,9,9,1,0.98046875,0.98046875
7498,7498,5,5,1,0.962890625,0.962890625
7499,7499,2,1,0,0.7744140625,0.1898193359375
7500,7500,6,6,1,0.66162109375,0.66162109375
7501,7501,4,4,1,0.7978515625,0.7978515625
7502,7502,0,0,1,0.865234375,0.865234375
7503,7503,0,2,0,0.39892578125,0.05072021484375
7504,7504,5,2,0,0.68408203125,0.030059814453125
7505,7505,7,7,1,0.939453125,0.939453125
7506,7506,9,9,1,0.99609375,0.99609375
7507,7507,2,1,0,0.7822265625,0.19775390625
7508,7508,5,5,1,0.8759765625,0.8759765625
7509,7509,4,4,1,0.98974609375,0.98974609375
7510,7510,7,7,1,0.92333984375,0.92333984375
7511,7511,1,1,1,0.89794921875,0.89794921875
7512,7512,3,7,0,0.5361328125,0.0006275177001953125
7513,7513,4,4,1,0.99462890625,0.99462890625
7514,7514,0,6,0,0.52783203125,0.4111328125
7515,7515,1,1,1,0.998046875,0.998046875
7516,7516,8,5,0,0.69921875,0.2493896484375
7517,7517,7,7,1,0.85107421875,0.85107421875
7518,7518,9,9,1,0.98583984375,0.98583984375
7519,7519,7,7,1,0.88818359375,0.88818359375
7520,7520,8,4,0,0.50244140625,0.01517486572265625
7521,7521,4,4,1,0.99951171875,0.99951171875
7522,7522,1,1,1,0.99755859375,0.99755859375
7523,7523,1,1,1,0.94091796875,0.94091796875
7524,7524,9,9,1,0.99365234375,0.99365234375
7525,7525,2,2,1,0.385498046875,0.385498046875
7526,7526,5,5,1,0.78125,0.78125
7527,7527,2,6,0,0.497802734375,0.1719970703125
7528,7528,0,0,1,0.859375,0.859375
7529,7529,2,1,0,0.6357421875,0.3623046875
7530,7530,1,1,1,0.99365234375,0.99365234375
7531,7531,8,5,0,0.869140625,0.07135009765625
7532,7532,8,8,1,0.8251953125,0.8251953125
7533,7533,3,3,1,0.810546875,0.810546875
7534,7534,9,9,1,0.9931640625,0.9931640625
7535,7535,6,0,0,0.78759765625,0.2119140625
7536,7536,8,4,0,0.481201171875,0.481201171875
7537,7537,7,7,1,0.95068359375,0.95068359375
7538,7538,3,3,1,0.9970703125,0.9970703125
7539,7539,5,5,1,0.931640625,0.931640625
7540,7540,8,8,1,0.9560546875,0.9560546875
7541,7541,2,1,0,0.497802734375,0.3642578125
7542,7542,1,1,1,0.98974609375,0.98974609375
7543,7543,7,7,1,0.935546875,0.935546875
7544,7544,7,7,1,0.88671875,0.88671875
7545,7545,3,3,1,0.9140625,0.9140625
7546,7546,5,9,0,0.845703125,0.004436492919921875
7547,7547,2,1,0,0.7734375,0.1343994140625
7548,7548,4,4,1,0.99462890625,0.99462890625
7549,7549,1,1,1,0.94091796875,0.94091796875
7550,7550,9,9,1,0.9970703125,0.9970703125
7551,7551,8,8,1,0.98291015625,0.98291015625
7552,7552,7,7,1,0.98974609375,0.98974609375
7553,7553,2,1,0,0.364501953125,0.1617431640625
7554,7554,2,6,0,0.59130859375,0.204345703125
7555,7555,6,6,1,0.96484375,0.96484375
7556,7556,4,4,1,0.98486328125,0.98486328125
7557,7557,1,1,1,0.958984375,0.958984375
7558,7558,4,4,1,0.908203125,0.908203125
7559,7559,4,4,1,0.91064453125,0.91064453125
7560,7560,1,1,1,0.9775390625,0.9775390625
7561,7561,9,9,1,0.9892578125,0.9892578125
7562,7562,7,7,1,0.99169921875,0.99169921875
7563,7563,5,5,1,0.95703125,0.95703125
7564,7564,5,5,1,0.974609375,0.974609375
7565,7565,6,6,1,0.9755859375,0.9755859375
7566,7566,1,1,1,0.845703125,0.845703125
7567,7567,7,7,1,0.99169921875,0.99169921875
7568,7568,1,9,0,0.6591796875,0.331298828125
7569,7569,3,3,1,0.958984375,0.958984375
7570,7570,4,4,1,0.99951171875,0.99951171875
7571,7571,2,2,1,0.425537109375,0.425537109375
7572,7572,1,9,0,0.64404296875,0.3447265625
7573,7573,4,4,1,0.99609375,0.99609375
7574,7574,9,9,1,0.9970703125,0.9970703125
7575,7575,9,9,1,0.9970703125,0.9970703125
7576,7576,9,9,1,0.97265625,0.97265625
7577,7577,0,2,0,0.34130859375,0.1884765625
7578,7578,6,6,1,0.9873046875,0.9873046875
7579,7579,6,6,1,0.95068359375,0.95068359375
7580,7580,4,4,1,0.99951171875,0.99951171875
7581,7581,1,9,0,0.80322265625,0.1683349609375
7582,7582,7,7,1,0.984375,0.984375
7583,7583,7,7,1,0.95556640625,0.95556640625
7584,7584,9,5,0,0.3369140625,0.16943359375
7585,7585,9,9,1,0.9833984375,0.9833984375
7586,7586,0,2,0,0.68212890625,0.0697021484375
7587,7587,2,2,1,0.82275390625,0.82275390625
7588,7588,9,9,1,0.9931640625,0.9931640625
7589,7589,1,9,0,0.3984375,0.22705078125
7590,7590,2,1,0,0.452880859375,0.0093994140625
7591,7591,1,1,1,0.9716796875,0.9716796875
7592,7592,4,4,1,0.95166015625,0.95166015625
7593,7593,7,7,1,0.833984375,0.833984375
7594,7594,6,6,1,0.70654296875,0.70654296875
7595,7595,3,4,0,0.3720703125,0.08050537109375
7596,7596,0,0,1,0.443603515625,0.443603515625
7597,7597,2,1,0,0.8193359375,0.1717529296875
7598,7598,2,2,1,0.46826171875,0.46826171875
7599,7599,7,7,1,0.98876953125,0.98876953125
7600,7600,6,2,0,0.60791015625,0.051483154296875
7601,7601,7,7,1,0.90185546875,0.90185546875
7602,7602,6,6,1,0.63916015625,0.63916015625
7603,7603,8,8,1,0.9765625,0.9765625
7604,7604,0,0,1,0.3603515625,0.3603515625
7605,7605,7,7,1,0.75634765625,0.75634765625
7606,7606,9,9,1,1.0,1.0
7607,7607,0,2,0,0.398193359375,0.1375732421875
7608,7608,3,3,1,0.24267578125,0.24267578125
7609,7609,5,5,1,0.845703125,0.845703125
7610,7610,2,1,0,0.79931640625,0.1839599609375
7611,7611,2,2,1,0.333740234375,0.333740234375
7612,7612,2,2,1,0.73974609375,0.73974609375
7613,7613,3,3,1,0.99951171875,0.99951171875
7614,7614,8,8,1,0.8466796875,0.8466796875
7615,7615,6,6,1,0.95751953125,0.95751953125
7616,7616,9,9,1,0.99951171875,0.99951171875
7617,7617,2,2,1,0.90576171875,0.90576171875
7618,7618,0,2,0,0.509765625,0.00933837890625
7619,7619,3,3,1,0.64501953125,0.64501953125
7620,7620,8,6,0,0.71728515625,0.1246337890625
7621,7621,0,6,0,0.70458984375,0.17822265625
7622,7622,0,0,1,0.70068359375,0.70068359375
7623,7623,7,7,1,0.9912109375,0.9912109375
7624,7624,5,5,1,0.99609375,0.99609375
7625,7625,5,5,1,0.66455078125,0.66455078125
7626,7626,8,8,1,0.96337890625,0.96337890625
7627,7627,8,4,0,0.79736328125,0.1046142578125
7628,7628,0,0,1,0.80615234375,0.80615234375
7629,7629,6,0,0,0.77734375,0.22265625
7630,7630,3,3,1,0.67822265625,0.67822265625
7631,7631,0,0,1,0.763671875,0.763671875
7632,7632,0,6,0,0.4423828125,0.251953125
7633,7633,8,4,0,0.529296875,0.25
7634,7634,9,9,1,0.9912109375,0.9912109375
7635,7635,3,5,0,0.259521484375,0.0291290283203125
7636,7636,4,4,1,0.65673828125,0.65673828125
7637,7637,9,9,1,0.99560546875,0.99560546875
7638,7638,2,1,0,0.5234375,0.32763671875
7639,7639,0,2,0,0.6884765625,0.060150146484375
7640,7640,5,5,1,0.9931640625,0.9931640625
7641,7641,3,4,0,0.9453125,0.0323486328125
7642,7642,7,7,1,0.92333984375,0.92333984375
7643,7643,6,2,0,0.89306640625,0.03253173828125
7644,7644,5,5,1,0.978515625,0.978515625
7645,7645,6,6,1,0.91650390625,0.91650390625
7646,7646,2,2,1,0.693359375,0.693359375
7647,7647,0,6,0,0.56005859375,0.43603515625
7648,7648,9,9,1,0.990234375,0.990234375
7649,7649,6,6,1,0.935546875,0.935546875
7650,7650,9,9,1,0.9912109375,0.9912109375
7651,7651,2,2,1,0.54150390625,0.54150390625
7652,7652,1,1,1,0.93505859375,0.93505859375
7653,7653,7,7,1,0.96240234375,0.96240234375
7654,7654,5,5,1,0.7646484375,0.7646484375
7655,7655,6,6,1,0.90966796875,0.90966796875
7656,7656,1,1,1,0.9921875,0.9921875
7657,7657,7,7,1,0.955078125,0.955078125
7658,7658,3,3,1,0.44287109375,0.44287109375
7659,7659,8,5,0,0.44677734375,0.164306640625
7660,7660,4,4,1,0.9716796875,0.9716796875
7661,7661,8,5,0,0.497802734375,0.24267578125
7662,7662,7,7,1,0.92724609375,0.92724609375
7663,7663,9,9,1,1.0,1.0
7664,7664,0,6,0,0.345947265625,0.179443359375
7665,7665,0,0,1,0.5869140625,0.5869140625
7666,7666,7,2,0,0.55810546875,0.263671875
7667,7667,6,6,1,0.9033203125,0.9033203125
7668,7668,8,8,1,0.95556640625,0.95556640625
7669,7669,6,6,1,0.93896484375,0.93896484375
7670,7670,5,6,0,0.30322265625,0.228759765625
7671,7671,1,1,1,0.60009765625,0.60009765625
7672,7672,2,2,1,0.89453125,0.89453125
7673,7673,1,1,1,0.9931640625,0.9931640625
7674,7674,8,8,1,0.97412109375,0.97412109375
7675,7675,5,5,1,0.54248046875,0.54248046875
7676,7676,0,0,1,0.8720703125,0.8720703125
7677,7677,2,6,0,0.79736328125,0.12225341796875
7678,7678,9,9,1,0.9931640625,0.9931640625
7679,7679,5,5,1,0.888671875,0.888671875
7680,7680,1,1,1,0.9404296875,0.9404296875
7681,7681,0,0,1,0.52001953125,0.52001953125
7682,7682,7,7,1,0.97705078125,0.97705078125
7683,7683,6,6,1,0.93505859375,0.93505859375
7684,7684,1,1,1,0.984375,0.984375
7685,7685,4,4,1,0.98779296875,0.98779296875
7686,7686,1,1,1,0.9541015625,0.9541015625
7687,7687,1,1,1,0.75048828125,0.75048828125
7688,7688,1,1,1,0.99755859375,0.99755859375
7689,7689,7,7,1,0.98046875,0.98046875
7690,7690,4,4,1,1.0,1.0
7691,7691,8,8,1,0.9736328125,0.9736328125
7692,7692,5,5,1,0.91552734375,0.91552734375
7693,7693,0,2,0,0.580078125,0.01751708984375
7694,7694,2,2,1,0.69580078125,0.69580078125
7695,7695,0,6,0,0.5068359375,0.211181640625
7696,7696,6,6,1,0.5322265625,0.5322265625
7697,7697,9,8,0,0.66845703125,0.0027313232421875
7698,7698,2,2,1,0.94287109375,0.94287109375
7699,7699,4,4,1,0.98583984375,0.98583984375
7700,7700,0,0,1,0.57080078125,0.57080078125
7701,7701,6,4,0,0.796875,0.11126708984375
7702,7702,6,6,1,0.56689453125,0.56689453125
7703,7703,7,7,1,0.97412109375,0.97412109375
7704,7704,3,3,1,0.52392578125,0.52392578125
7705,7705,0,0,1,0.57666015625,0.57666015625
7706,7706,7,7,1,0.9794921875,0.9794921875
7707,7707,1,1,1,0.99169921875,0.99169921875
7708,7708,7,2,0,0.6318359375,0.05877685546875
7709,7709,1,1,1,0.94482421875,0.94482421875
7710,7710,4,4,1,0.92333984375,0.92333984375
7711,7711,2,8,0,0.7412109375,0.06085205078125
7712,7712,0,2,0,0.77783203125,0.026611328125
7713,7713,7,7,1,0.97802734375,0.97802734375
7714,7714,1,1,1,0.74462890625,0.74462890625
7715,7715,1,9,0,0.9267578125,0.067138671875
7716,7716,5,5,1,0.73583984375,0.73583984375
7717,7717,4,4,1,0.99658203125,0.99658203125
7718,7718,7,7,1,0.94580078125,0.94580078125
7719,7719,3,3,1,0.99560546875,0.99560546875
7720,7720,7,7,1,0.9775390625,0.9775390625
7721,7721,7,7,1,0.869140625,0.869140625
7722,7722,6,2,0,0.319091796875,0.07342529296875
7723,7723,4,4,1,0.99560546875,0.99560546875
7724,7724,0,9,0,0.97802734375,0.0001285076141357422
7725,7725,0,6,0,0.44140625,0.37744140625
7726,7726,9,9,1,0.99609375,0.99609375
7727,7727,7,7,1,0.9765625,0.9765625
7728,7728,2,1,0,0.7314453125,0.22314453125
7729,7729,1,1,1,0.98974609375,0.98974609375
7730,7730,7,7,1,0.9814453125,0.9814453125
7731,7731,9,9,1,0.998046875,0.998046875
7732,7732,9,9,1,0.99755859375,0.99755859375
7733,7733,9,9,1,0.9814453125,0.9814453125
7734,7734,5,5,1,0.93212890625,0.93212890625
7735,7735,7,7,1,0.69091796875,0.69091796875
7736,7736,9,9,1,0.98974609375,0.98974609375
7737,7737,9,9,1,0.984375,0.984375
7738,7738,4,4,1,0.9599609375,0.9599609375
7739,7739,3,5,0,0.73046875,0.139404296875
7740,7740,6,6,1,0.86474609375,0.86474609375
7741,7741,4,4,1,0.99951171875,0.99951171875
7742,7742,2,2,1,0.494384765625,0.494384765625
7743,7743,6,6,1,0.85693359375,0.85693359375
7744,7744,1,1,1,0.87060546875,0.87060546875
7745,7745,5,5,1,0.95849609375,0.95849609375
7746,7746,6,6,1,0.875,0.875
7747,7747,1,9,0,0.92529296875,0.07135009765625
7748,7748,2,1,0,0.9267578125,0.04071044921875
7749,7749,6,6,1,0.7333984375,0.7333984375
7750,7750,0,6,0,0.71533203125,0.17529296875
7751,7751,0,9,0,0.50048828125,0.00670623779296875
7752,7752,2,8,0,0.38134765625,0.0584716796875
7753,7753,6,6,1,0.9013671875,0.9013671875
7754,7754,4,4,1,0.89892578125,0.89892578125
7755,7755,8,5,0,0.7509765625,0.061614990234375
7756,7756,0,0,1,0.80712890625,0.80712890625
7757,7757,0,6,0,0.6123046875,0.348876953125
7758,7758,7,7,1,0.8759765625,0.8759765625
7759,7759,5,5,1,0.495849609375,0.495849609375
7760,7760,0,6,0,0.716796875,0.263671875
7761,7761,7,7,1,0.90185546875,0.90185546875
7762,7762,2,6,0,0.75927734375,0.085205078125
7763,7763,7,7,1,0.7421875,0.7421875
7764,7764,2,2,1,0.75146484375,0.75146484375
7765,7765,4,4,1,0.99560546875,0.99560546875
7766,7766,5,5,1,0.833984375,0.833984375
7767,7767,3,3,1,0.99609375,0.99609375
7768,7768,4,4,1,0.99951171875,0.99951171875
7769,7769,9,9,1,0.99365234375,0.99365234375
7770,7770,1,1,1,0.97119140625,0.97119140625
7771,7771,6,6,1,0.9228515625,0.9228515625
7772,7772,0,0,1,0.5087890625,0.5087890625
7773,7773,2,6,0,0.457275390625,0.379150390625
7774,7774,9,9,1,0.99462890625,0.99462890625
7775,7775,0,1,0,0.308349609375,0.1456298828125
7776,7776,0,2,0,0.350830078125,0.16064453125
7777,7777,1,1,1,0.51708984375,0.51708984375
7778,7778,5,5,1,0.94677734375,0.94677734375
7779,7779,2,6,0,0.82080078125,0.052459716796875
7780,7780,2,2,1,0.463623046875,0.463623046875
7781,7781,0,6,0,0.40087890625,0.156982421875
7782,7782,7,7,1,0.982421875,0.982421875
7783,7783,0,2,0,0.5908203125,0.1448974609375
7784,7784,2,6,0,0.50927734375,0.187255859375
7785,7785,2,2,1,0.7197265625,0.7197265625
7786,7786,9,9,1,0.99462890625,0.99462890625
7787,7787,4,4,1,0.9189453125,0.9189453125
7788,7788,6,6,1,0.6923828125,0.6923828125
7789,7789,3,6,0,0.59375,0.0173797607421875
7790,7790,3,8,0,0.900390625,0.012847900390625
7791,7791,4,4,1,0.98828125,0.98828125
7792,7792,7,7,1,0.85888671875,0.85888671875
7793,7793,8,8,1,0.80859375,0.80859375
7794,7794,4,4,1,0.99951171875,0.99951171875
7795,7795,5,5,1,0.98486328125,0.98486328125
7796,7796,2,1,0,0.859375,0.1318359375
7797,7797,4,4,1,0.97607421875,0.97607421875
7798,7798,2,8,0,0.70947265625,0.0220947265625
7799,7799,8,8,1,0.984375,0.984375
7800,7800,0,6,0,0.5302734375,0.468017578125
7801,7801,3,5,0,0.52001953125,0.261474609375
7802,7802,0,2,0,0.625,0.1351318359375
7803,7803,7,7,1,0.974609375,0.974609375
7804,7804,6,2,0,0.81787109375,0.0232086181640625
7805,7805,5,5,1,0.986328125,0.986328125
7806,7806,9,9,1,0.8857421875,0.8857421875
7807,7807,9,9,1,0.99462890625,0.99462890625
7808,7808,6,6,1,0.9541015625,0.9541015625
7809,7809,3,7,0,0.50634765625,0.0215606689453125
7810,7810,5,5,1,0.82080078125,0.82080078125
7811,7811,2,1,0,0.481201171875,0.39892578125
7812,7812,8,8,1,0.56787109375,0.56787109375
7813,7813,1,1,1,0.98193359375,0.98193359375
7814,7814,7,7,1,0.90380859375,0.90380859375
7815,7815,3,4,0,0.48095703125,0.0033435821533203125
7816,7816,5,5,1,0.62060546875,0.62060546875
7817,7817,7,4,0,0.5830078125,0.400634765625
7818,7818,1,1,1,0.88720703125,0.88720703125
7819,7819,0,8,0,0.423095703125,0.0072784423828125
7820,7820,1,1,1,0.9404296875,0.9404296875
7821,7821,4,4,1,0.978515625,0.978515625
7822,7822,0,0,1,0.6396484375,0.6396484375
7823,7823,2,2,1,0.87451171875,0.87451171875
7824,7824,7,7,1,0.94775390625,0.94775390625
7825,7825,7,7,1,0.95068359375,0.95068359375
7826,7826,7,7,1,0.9765625,0.9765625
7827,7827,9,9,1,0.875,0.875
7828,7828,2,1,0,0.8349609375,0.14501953125
7829,7829,5,5,1,0.97509765625,0.97509765625
7830,7830,6,6,1,0.87939453125,0.87939453125
7831,7831,2,2,1,0.485595703125,0.485595703125
7832,7832,7,7,1,0.90869140625,0.90869140625
7833,7833,7,7,1,0.99609375,0.99609375
7834,7834,1,1,1,0.9638671875,0.9638671875
7835,7835,8,8,1,0.92626953125,0.92626953125
7836,7836,9,9,1,0.93359375,0.93359375
7837,7837,1,9,0,0.6728515625,0.31787109375
7838,7838,5,5,1,0.97412109375,0.97412109375
7839,7839,0,2,0,0.50048828125,0.051116943359375
7840,7840,9,9,1,0.9814453125,0.9814453125
7841,7841,8,5,0,0.78271484375,0.1278076171875
7842,7842,7,7,1,0.8876953125,0.8876953125
7843,7843,3,3,1,0.9990234375,0.9990234375
7844,7844,0,0,1,0.5576171875,0.5576171875
7845,7845,5,5,1,0.96044921875,0.96044921875
7846,7846,9,9,1,0.99609375,0.99609375
7847,7847,7,7,1,0.7529296875,0.7529296875
7848,7848,6,6,1,0.88623046875,0.88623046875
7849,7849,1,1,1,0.990234375,0.990234375
7850,7850,6,0,0,0.50927734375,0.478515625
7851,7851,2,1,0,0.978515625,0.0203094482421875
7852,7852,0,6,0,0.5859375,0.40283203125
7853,7853,5,5,1,0.7587890625,0.7587890625
7854,7854,4,4,1,0.98388671875,0.98388671875
7855,7855,8,8,1,0.962890625,0.962890625
7856,7856,0,1,0,0.46923828125,0.03399658203125
7857,7857,2,5,0,0.3974609375,0.2410888671875
7858,7858,0,6,0,0.368896484375,0.17431640625
7859,7859,8,4,0,0.5390625,0.419921875
7860,7860,3,3,1,0.8291015625,0.8291015625
7861,7861,7,7,1,0.98046875,0.98046875
7862,7862,9,9,1,0.994140625,0.994140625
7863,7863,0,2,0,0.724609375,0.0160064697265625
7864,7864,1,1,1,0.99609375,0.99609375
7865,7865,4,4,1,0.7177734375,0.7177734375
7866,7866,0,2,0,0.399658203125,0.0164947509765625
7867,7867,9,9,1,0.9951171875,0.9951171875
7868,7868,5,9,0,0.85693359375,0.0013294219970703125
7869,7869,7,7,1,0.9599609375,0.9599609375
7870,7870,5,5,1,0.98876953125,0.98876953125
7871,7871,1,1,1,0.994140625,0.994140625
7872,7872,0,0,1,0.734375,0.734375
7873,7873,5,5,1,0.99267578125,0.99267578125
7874,7874,3,4,0,0.923828125,0.0014333724975585938
7875,7875,1,1,1,0.97509765625,0.97509765625
7876,7876,1,1,1,0.66943359375,0.66943359375
7877,7877,7,7,1,0.822265625,0.822265625
7878,7878,4,4,1,0.607421875,0.607421875
7879,7879,1,1,1,0.84814453125,0.84814453125
7880,7880,8,5,0,0.513671875,0.16162109375
7881,7881,9,9,1,0.99658203125,0.99658203125
7882,7882,7,7,1,0.98095703125,0.98095703125
7883,7883,9,9,1,0.982421875,0.982421875
7884,7884,5,1,0,0.72265625,0.2496337890625
7885,7885,2,1,0,0.59130859375,0.358642578125
7886,7886,2,1,0,0.5439453125,0.10382080078125
7887,7887,0,0,1,0.90283203125,0.90283203125
7888,7888,3,4,0,0.43798828125,0.00853729248046875
7889,7889,2,6,0,0.505859375,0.01117706298828125
7890,7890,2,1,0,0.62451171875,0.323974609375
7891,7891,9,9,1,0.9990234375,0.9990234375
7892,7892,0,2,0,0.5615234375,0.006237030029296875
7893,7893,9,9,1,0.76904296875,0.76904296875
7894,7894,3,6,0,0.61572265625,0.0007920265197753906
7895,7895,1,1,1,0.60302734375,0.60302734375
7896,7896,2,6,0,0.62255859375,0.20849609375
7897,7897,7,7,1,0.99169921875,0.99169921875
7898,7898,1,9,0,0.89453125,0.09722900390625
7899,7899,7,7,1,0.98876953125,0.98876953125
7900,7900,0,6,0,0.6337890625,0.339111328125
7901,7901,2,6,0,0.380126953125,0.2454833984375
7902,7902,2,2,1,0.75390625,0.75390625
7903,7903,3,7,0,0.87451171875,0.00667572021484375
7904,7904,3,3,1,0.7861328125,0.7861328125
7905,7905,8,8,1,0.47119140625,0.47119140625
7906,7906,9,9,1,0.99169921875,0.99169921875
7907,7907,1,1,1,0.955078125,0.955078125
7908,7908,1,1,1,0.99365234375,0.99365234375
7909,7909,4,4,1,0.97314453125,0.97314453125
7910,7910,2,1,0,0.9453125,0.05010986328125
7911,7911,6,7,0,0.6376953125,0.20703125
7912,7912,1,5,0,0.501953125,0.44287109375
7913,7913,5,9,0,0.51708984375,0.03985595703125
7914,7914,0,2,0,0.64306640625,0.1116943359375
7915,7915,4,4,1,0.951171875,0.951171875
7916,7916,1,1,1,0.71923828125,0.71923828125
7917,7917,4,4,1,0.86865234375,0.86865234375
7918,7918,0,0,1,0.52734375,0.52734375
7919,7919,0,4,0,0.427001953125,0.1046142578125
7920,7920,7,7,1,0.904296875,0.904296875
7921,7921,4,7,0,0.9462890625,0.053375244140625
7922,7922,5,5,1,0.99658203125,0.99658203125
7923,7923,9,9,1,0.986328125,0.986328125
7924,7924,3,3,1,0.587890625,0.587890625
7925,7925,5,5,1,0.935546875,0.935546875
7926,7926,2,2,1,0.5458984375,0.5458984375
7927,7927,1,9,0,0.85400390625,0.126953125
7928,7928,9,9,1,0.8154296875,0.8154296875
7929,7929,7,7,1,0.73046875,0.73046875
7930,7930,0,0,1,0.7529296875,0.7529296875
7931,7931,9,9,1,0.99609375,0.99609375
7932,7932,9,9,1,0.87109375,0.87109375
7933,7933,8,8,1,0.48486328125,0.48486328125
7934,7934,0,0,1,0.7177734375,0.7177734375
7935,7935,4,4,1,0.75341796875,0.75341796875
7936,7936,1,1,1,0.6552734375,0.6552734375
7937,7937,8,4,0,0.89208984375,0.0277862548828125
7938,7938,4,4,1,0.99951171875,0.99951171875
7939,7939,7,7,1,0.98193359375,0.98193359375
7940,7940,7,7,1,0.84130859375,0.84130859375
7941,7941,1,1,1,0.9560546875,0.9560546875
7942,7942,9,9,1,0.9873046875,0.9873046875
7943,7943,8,5,0,0.435791015625,0.272705078125
7944,7944,1,1,1,0.9736328125,0.9736328125
7945,7945,6,4,0,0.36328125,0.1715087890625
7946,7946,1,9,0,0.974609375,0.022918701171875
7947,7947,0,0,1,0.79052734375,0.79052734375
7948,7948,5,5,1,0.966796875,0.966796875
7949,7949,1,1,1,0.97216796875,0.97216796875
7950,7950,4,4,1,0.99365234375,0.99365234375
7951,7951,6,6,1,0.8505859375,0.8505859375
7952,7952,9,9,1,0.99560546875,0.99560546875
7953,7953,8,8,1,0.98876953125,0.98876953125
7954,7954,4,4,1,0.70556640625,0.70556640625
7955,7955,2,1,0,0.69580078125,0.09417724609375
7956,7956,2,2,1,0.365234375,0.365234375
7957,7957,1,1,1,0.978515625,0.978515625
7958,7958,7,7,1,0.94287109375,0.94287109375
7959,7959,1,9,0,0.8642578125,0.093994140625
7960,7960,7,7,1,0.9375,0.9375
7961,7961,1,1,1,0.97802734375,0.97802734375
7962,7962,3,4,0,0.9736328125,0.0019388198852539062
7963,7963,5,5,1,0.98583984375,0.98583984375
7964,7964,6,2,0,0.7705078125,0.0150299072265625
7965,7965,3,6,0,0.86376953125,1.1980533599853516e-05
7966,7966,5,6,0,0.65869140625,0.188720703125
7967,7967,5,5,1,0.8857421875,0.8857421875
7968,7968,0,9,0,0.982421875,0.0003509521484375
7969,7969,9,9,1,0.9921875,0.9921875
7970,7970,4,4,1,0.95849609375,0.95849609375
7971,7971,6,2,0,0.45166015625,0.25732421875
7972,7972,9,9,1,0.99658203125,0.99658203125
7973,7973,6,6,1,0.95703125,0.95703125
7974,7974,7,7,1,0.8408203125,0.8408203125
7975,7975,2,1,0,0.64453125,0.277099609375
7976,7976,9,9,1,0.99267578125,0.99267578125
7977,7977,6,6,1,0.94775390625,0.94775390625
7978,7978,4,4,1,0.998046875,0.998046875
7979,7979,2,8,0,0.92578125,0.01593017578125
7980,7980,5,5,1,0.869140625,0.869140625
7981,7981,3,7,0,0.410888671875,0.0288543701171875
7982,7982,0,0,1,0.35400390625,0.35400390625
7983,7983,8,9,0,0.318115234375,0.308349609375
7984,7984,1,1,1,0.9892578125,0.9892578125
7985,7985,8,8,1,0.90234375,0.90234375
7986,7986,3,4,0,0.45361328125,0.25830078125
7987,7987,2,1,0,0.80908203125,0.1805419921875
7988,7988,2,3,0,0.496826171875,0.0128326416015625
7989,7989,5,6,0,0.467041015625,0.38720703125
7990,7990,1,1,1,0.552734375,0.552734375
7991,7991,8,8,1,0.99658203125,0.99658203125
7992,7992,3,3,1,0.78369140625,0.78369140625
7993,7993,0,2,0,0.35205078125,0.06512451171875
7994,7994,6,4,0,0.759765625,0.1094970703125
7995,7995,6,6,1,0.97119140625,0.97119140625
7996,7996,6,6,1,0.7021484375,0.7021484375
7997,7997,3,3,1,0.99462890625,0.99462890625
7998,7998,9,9,1,0.87451171875,0.87451171875
7999,7999,5,5,1,0.99072265625,0.99072265625
8000,8000,5,9,0,0.41162109375,0.213623046875
8001,8001,8,8,1,0.75537109375,0.75537109375
8002,8002,9,9,1,0.9990234375,0.9990234375
8003,8003,2,2,1,0.3759765625,0.3759765625
8004,8004,4,4,1,0.73046875,0.73046875
8005,8005,8,8,1,0.857421875,0.857421875
8006,8006,2,6,0,0.892578125,0.011962890625
8007,8007,4,4,1,0.99169921875,0.99169921875
8008,8008,3,7,0,0.9755859375,0.01348876953125
8009,8009,0,2,0,0.71435546875,0.05340576171875
8010,8010,2,6,0,0.63671875,0.031707763671875
8011,8011,0,0,1,0.6953125,0.6953125
8012,8012,5,5,1,0.951171875,0.951171875
8013,8013,7,7,1,0.994140625,0.994140625
8014,8014,0,0,1,0.73486328125,0.73486328125
8015,8015,1,9,0,0.71240234375,0.279052734375
8016,8016,6,6,1,0.9462890625,0.9462890625
8017,8017,0,0,1,0.59521484375,0.59521484375
8018,8018,6,6,1,0.97119140625,0.97119140625
8019,8019,5,5,1,0.62939453125,0.62939453125
8020,8020,5,5,1,0.96484375,0.96484375
8021,8021,9,9,1,0.998046875,0.998046875
8022,8022,6,6,1,0.826171875,0.826171875
8023,8023,4,4,1,0.9697265625,0.9697265625
8024,8024,7,7,1,0.8544921875,0.8544921875
8025,8025,7,7,1,0.96044921875,0.96044921875
8026,8026,9,9,1,0.99853515625,0.99853515625
8027,8027,2,2,1,0.521484375,0.521484375
8028,8028,2,1,0,0.57861328125,0.2734375
8029,8029,1,1,1,0.97021484375,0.97021484375
8030,8030,3,3,1,0.90625,0.90625
8031,8031,1,1,1,0.98486328125,0.98486328125
8032,8032,3,3,1,0.83935546875,0.83935546875
8033,8033,0,9,0,0.572265625,0.006160736083984375
8034,8034,7,4,0,0.546875,0.453125
8035,8035,2,6,0,0.483642578125,0.284423828125
8036,8036,7,7,1,0.9443359375,0.9443359375
8037,8037,0,9,0,0.99951171875,2.9206275939941406e-06
8038,8038,0,6,0,0.250732421875,0.02728271484375
8039,8039,2,2,1,0.84375,0.84375
8040,8040,1,1,1,0.94580078125,0.94580078125
8041,8041,3,5,0,0.59423828125,0.041717529296875
8042,8042,1,1,1,0.92529296875,0.92529296875
8043,8043,0,0,1,0.66943359375,0.66943359375
8044,8044,7,7,1,0.984375,0.984375
8045,8045,2,1,0,0.86572265625,0.11004638671875
8046,8046,7,7,1,0.953125,0.953125
8047,8047,6,6,1,0.96484375,0.96484375
8048,8048,2,1,0,0.5185546875,0.40380859375
8049,8049,9,9,1,0.982421875,0.982421875
8050,8050,7,2,0,0.7578125,0.01345062255859375
8051,8051,2,2,1,0.5048828125,0.5048828125
8052,8052,1,1,1,0.9833984375,0.9833984375
8053,8053,8,8,1,0.98388671875,0.98388671875
8054,8054,1,1,1,0.96728515625,0.96728515625
8055,8055,7,7,1,0.94580078125,0.94580078125
8056,8056,0,9,0,0.70703125,0.011077880859375
8057,8057,5,5,1,0.96240234375,0.96240234375
8058,8058,0,0,1,0.6806640625,0.6806640625
8059,8059,2,2,1,0.47802734375,0.47802734375
8060,8060,7,7,1,0.70703125,0.70703125
8061,8061,7,7,1,0.97705078125,0.97705078125
8062,8062,6,6,1,0.7412109375,0.7412109375
8063,8063,1,1,1,0.984375,0.984375
8064,8064,7,4,0,0.607421875,0.39208984375
8065,8065,4,4,1,1.0,1.0
8066,8066,2,1,0,0.9130859375,0.0640869140625
8067,8067,9,9,1,0.986328125,0.986328125
8068,8068,1,5,0,0.51806640625,0.33447265625
8069,8069,0,6,0,0.7939453125,0.1612548828125
8070,8070,1,1,1,0.99267578125,0.99267578125
8071,8071,9,9,1,0.99658203125,0.99658203125
8072,8072,4,4,1,0.99462890625,0.99462890625
8073,8073,9,9,1,0.9931640625,0.9931640625
8074,8074,0,5,0,0.445068359375,0.11981201171875
8075,8075,9,9,1,0.99951171875,0.99951171875
8076,8076,5,5,1,0.9287109375,0.9287109375
8077,8077,3,3,1,0.73291015625,0.73291015625
8078,8078,0,6,0,0.56591796875,0.1114501953125
8079,8079,5,5,1,0.94775390625,0.94775390625
8080,8080,0,2,0,0.425537109375,0.331298828125
8081,8081,1,1,1,0.9921875,0.9921875
8082,8082,9,9,1,0.99267578125,0.99267578125
8083,8083,8,8,1,0.9130859375,0.9130859375
8084,8084,3,6,0,0.73583984375,0.0014200210571289062
8085,8085,6,6,1,0.958984375,0.958984375
8086,8086,8,5,0,0.432861328125,0.0643310546875
8087,8087,4,4,1,0.99755859375,0.99755859375
8088,8088,3,3,1,0.96484375,0.96484375
8089,8089,2,2,1,0.5673828125,0.5673828125
8090,8090,1,1,1,0.99609375,0.99609375
8091,8091,5,6,0,0.52978515625,0.412841796875
8092,8092,2,2,1,0.73779296875,0.73779296875
8093,8093,1,1,1,0.96142578125,0.96142578125
8094,8094,4,4,1,0.9931640625,0.9931640625
8095,8095,1,1,1,0.99365234375,0.99365234375
8096,8096,2,6,0,0.44677734375,0.2391357421875
8097,8097,8,8,1,0.994140625,0.994140625
8098,8098,4,4,1,0.87353515625,0.87353515625
8099,8099,8,1,0,0.285400390625,0.1390380859375
